INDEX A1=AA2AAA2A1
   -9.460    -4.543    14.521
  -10.313    -3.484    14.349
  -11.203    -4.269    13.490
  -10.204    -5.404    13.571
   -9.245    -5.672    12.411
   -7.962    -5.083    12.916
   -8.147    -4.447    14.083
INDEX a1aaa2aaaaa2a1
   -8.192    -2.600    15.521
   -7.347    -2.948    16.474
   -6.803    -4.163    16.553
   -7.151    -5.041    15.593
   -8.037    -4.746    14.550
   -8.399    -5.636    13.589
   -9.272    -5.229    12.632
   -9.791    -3.935    12.641
   -9.442    -3.037    13.605
   -8.563    -3.446    14.557
INDEX A1AAA1
   -9.236    -1.611    11.704
   -8.951    -2.983    12.705
   -8.396    -2.151    13.909
   -8.075    -0.977    12.946
INDEX a1aaaaa1
   -8.554    -4.763    15.844
   -8.168    -5.944    15.202
   -9.118    -6.938    14.963
  -10.437    -6.751    15.378
  -10.817    -5.580    16.037
   -9.872    -4.582    16.277
INDEX a1aaa2AAAa2a1
   -9.803    -7.214    13.934
   -8.460    -7.036    14.411
   -8.260    -5.573    14.429
   -9.471    -4.934    14.258
   -9.629    -3.546    14.335
   -8.427    -2.834    14.535
   -7.254    -3.487    14.675
   -7.139    -4.822    14.642
  -10.536    -5.974    14.068
INDEX A1AAA=AA1
   -8.373    -4.873    14.303
   -9.699    -5.270    14.277
  -10.154    -6.247    15.060
   -9.236    -6.930    15.989
   -7.941    -6.483    15.950
   -7.454    -5.467    15.165
INDEX A1AAAA1
   -7.876    -3.784    13.462
   -8.767    -3.552    12.354
   -9.211    -2.190    12.405
   -9.017    -1.736    13.833
   -7.751    -2.461    14.215
INDEX a1aaa2AA=Aa2a1
  -10.569    -5.596    12.715
  -11.418    -6.280    11.829
  -12.231    -5.525    10.977
  -12.199    -4.135    11.007
  -11.350    -3.464    11.893
  -10.520    -4.200    12.763
   -9.635    -3.667    13.686
   -9.029    -4.648    14.322
   -9.464    -6.234    13.872
INDEX A1A=AA=A1
   -8.067    -4.442    15.327
   -7.575    -3.247    15.839
   -6.652    -3.587    16.805
   -6.635    -4.993    16.826
   -7.485    -5.513    15.938
INDEX a1aaa2Aa3aaaaa3Aa2a1
   -9.795    -3.313    13.726
   -9.667    -4.505    12.992
  -10.372    -4.660    11.788
  -11.188    -3.638    11.303
  -11.301    -2.448    12.014
   -8.639    -5.864    13.524
   -7.971    -5.276    15.072
   -8.269    -4.007    15.598
   -7.672    -3.619    16.808
   -6.825    -4.484    17.504
   -6.551    -5.747    16.990
   -7.119    -6.139    15.778
  -10.604    -2.286    13.213
   -9.080    -3.083    14.915
INDEX A1AAAAA1
  -10.792    -6.492    15.685
  -11.467    -7.248    14.686
  -10.669    -7.126    13.396
  -10.518    -5.730    12.961
  -10.255    -4.707    13.877
  -11.002    -4.849    15.498
INDEX A1A=AA2AAA2A1
    2.775     9.194     7.374
    3.591     7.625     7.792
    4.933     7.689     8.586
    5.594     7.404     7.207
    4.376     7.194     6.650
    3.976     7.255     5.344
    2.769     7.763     4.989
    1.864     8.467     5.982
INDEX A1AAA2=A(A1)A=AA2
   -8.542    -2.409    13.847
   -7.705    -2.800    12.799
   -7.822    -4.178    12.493
   -8.654    -5.030    13.148
   -8.567    -6.296    12.651
   -7.673    -6.211    11.686
   -9.458    -4.603    14.178
   -7.189    -4.935    11.552
   -9.415    -3.258    14.561
INDEX a1aaa2a(a1)a1aaaaa21
   -8.594    -4.909    14.081
   -8.118    -6.001    13.424
   -8.313    -6.028    12.043
   -9.008    -4.979    11.384
   -9.521    -3.883    12.092
   -9.288    -3.895    13.436
   -9.467    -3.240    14.659
  -10.002    -2.168    15.309
   -9.770    -2.126    16.691
   -9.009    -3.132    17.346
   -8.467    -4.200    16.630
   -8.740    -4.235    15.297
INDEX A1AA1
   -9.915    -6.324    16.039
   -8.676    -5.593    16.009
   -9.830    -5.178    16.888
INDEX A1AA2AAA1A=A2
   -9.842    -5.639    14.067
  -10.446    -5.143    15.399
  -10.030    -3.662    15.650
   -9.166    -3.181    14.457
   -8.005    -4.145    14.357
   -9.997    -3.353    13.189
  -10.387    -4.795    12.902
   -8.367    -5.364    14.155
INDEX A1=AA2=AA=AA3=AA=AA(=A1)A23
   -7.329    -5.792    12.914
   -7.927    -6.660    13.675
   -8.901    -6.393    14.610
   -9.256    -5.145    14.744
  -10.303    -4.756    15.732
  -10.585    -3.440    15.780
  -10.012    -2.434    15.020
   -9.094    -2.801    14.159
   -8.458    -1.739    13.325
   -7.521    -2.139    12.451
   -7.144    -3.535    12.322
   -8.701    -4.125    14.001
   -7.726    -4.489    13.080
INDEX A1=AA2=AA=AA2A1
   -9.080    -5.142    14.103
   -8.729    -6.310    14.489
   -7.944    -6.187    15.648
   -7.753    -4.873    15.825
   -7.093    -4.121    16.692
   -7.417    -2.878    16.275
   -8.297    -2.894    15.133
   -8.473    -4.235    14.898
INDEX A1A=a2aaa3=AAA=a3a2=A1
  -11.819    -5.917    13.641
  -11.525    -4.268    13.713
  -10.224    -4.115    14.029
   -9.567    -2.865    14.189
   -8.201    -2.865    14.521
   -7.544    -4.115    14.681
   -6.243    -4.268    14.997
   -5.948    -5.917    15.069
   -7.466    -6.519    14.700
   -8.183    -5.417    14.526
   -9.585    -5.417    14.184
  -10.302    -6.519    14.010
INDEX A1AAA2(A1)A1AA2A1
   -9.060    -3.575    15.391
   -9.001    -4.455    14.091
   -9.924    -5.561    13.977
  -10.665    -5.379    12.765
   -9.704    -4.604    11.885
   -9.008    -3.769    12.818
   -7.613    -4.732    14.772
   -8.407    -4.807    16.140
   -7.559    -3.179    15.077
INDEX A1AA2AAAA(A1)A2
  -10.167    -2.804    14.084
  -10.640    -3.764    13.236
  -10.333    -5.058    13.539
   -9.497    -5.423    14.647
   -8.022    -5.489    14.228
   -7.427    -4.122    13.878
   -7.863    -3.024    14.852
   -9.719    -4.455    15.783
   -9.348    -3.104    15.225
INDEX A1A=A2AA3=AAA=A3AA2=A1
   -9.948    -6.427    11.828
   -9.904    -6.636    13.483
   -9.412    -5.492    13.979
   -9.223    -5.295    15.419
   -8.675    -3.972    15.731
   -8.426    -3.591    16.991
   -7.820    -2.040    16.882
   -7.864    -1.831    15.227
   -8.356    -2.975    14.731
   -8.545    -3.172    13.291
   -9.094    -4.495    12.979
   -9.342    -4.876    11.718
INDEX A1AAA2AAA=AA2A1
   -8.415    -1.758    15.106
   -8.767    -1.312    13.344
   -8.200    -2.327    12.379
   -7.859    -3.589    12.695
   -8.036    -4.240    14.052
   -8.702    -5.596    13.877
   -8.993    -6.120    15.266
   -9.882    -5.220    15.943
   -9.705    -3.866    15.884
   -8.817    -3.389    14.935
INDEX A1=AAa2aaaaa2A1
   -9.840    -3.386    13.417
   -8.482    -3.808    12.972
   -7.646    -4.497    13.751
   -7.990    -4.910    15.139
   -9.343    -4.505    15.620
   -9.742    -4.859    16.921
  -11.001    -4.496    17.402
  -11.872    -3.778    16.590
  -11.485    -3.422    15.297
  -10.219    -3.783    14.803
INDEX A1=AA2A=a3aaa4aaaaa4a3=AA2=A1
   -9.847    -5.911    17.779
   -8.831    -6.166    18.672
   -7.663    -5.739    18.210
   -7.934    -5.208    17.012
   -6.982    -4.660    16.222
   -7.480    -4.208    15.107
   -8.972    -4.302    14.762
   -9.419    -3.752    13.462
  -10.771    -3.812    13.099
  -11.187    -3.292    11.873
  -10.257    -2.714    11.012
   -8.908    -2.654    11.374
   -8.477    -3.172    12.602
   -7.060    -3.098    12.961
   -9.825    -4.847    15.584
   -6.586    -3.574    14.116
   -9.290    -5.315    16.744
INDEX A1AA2AAA3AAAA(AAA(A1)A2)A3
  -10.144    -5.921    13.972
   -8.569    -5.636    13.469
   -8.297    -4.947    12.210
   -7.366    -3.698    12.291
   -7.776    -2.500    13.053
   -7.624    -2.571    14.738
   -9.199    -2.857    15.241
  -10.308    -2.121    14.654
  -10.298    -2.186    13.121
   -9.471    -3.546    16.500
  -10.402    -4.795    16.419
   -8.947    -1.810    12.501
   -7.461    -6.372    14.056
   -7.471    -6.307    15.589
   -8.822    -6.683    16.209
   -9.993    -5.993    15.657
INDEX A1=AAA2A3A=AA(A3)A2A1
   -8.965    -3.232    13.150
   -9.328    -3.448    14.604
  -10.858    -3.579    14.819
  -10.927    -4.285    16.183
  -10.057    -5.461    15.725
  -10.854    -5.859    14.502
  -11.352    -4.734    13.968
   -8.766    -4.713    15.290
   -7.868    -5.603    14.463
   -7.379    -5.125    13.139
   -7.890    -4.041    12.551
INDEX A1AA2AAA2A1
  -10.332    -4.691    13.637
   -8.932    -5.331    13.627
   -8.095    -5.432    14.919
   -7.524    -4.032    14.596
   -7.973    -4.239    13.130
   -8.935    -3.220    12.543
  -10.249    -3.443    13.084
INDEX A1AAA2A(A1)A1AAAAA21
   -9.126    -5.543    13.482
   -7.744    -5.752    13.964
   -6.869    -4.496    14.219
   -7.305    -4.529    15.688
   -8.503    -3.612    16.038
   -8.849    -2.636    15.093
   -8.141    -2.323    13.935
   -7.213    -3.258    13.498
   -7.622    -6.047    15.470
   -8.895    -6.598    16.148
  -10.107    -6.380    15.474
  -10.276    -5.898    14.178
INDEX A1=AA=AA=AA=A1
   -8.689    -4.163    14.928
   -9.966    -4.171    15.084
  -10.941    -3.086    15.326
  -11.134    -2.093    14.444
  -10.417    -1.902    13.192
   -9.074    -1.832    13.098
   -8.141    -1.931    14.203
   -8.009    -2.977    15.042
INDEX a1aaa2AA3AA3Aa2a1
   -6.372    -3.054    13.421
   -6.997    -4.173    12.775
   -8.500    -4.125    12.677
   -9.197    -3.720    13.986
   -8.549    -3.928    15.231
   -9.189    -3.651    16.448
  -10.479    -3.142    16.458
  -11.133    -2.911    15.253
   -7.149    -4.418    15.312
  -10.523    -3.203    14.016
   -6.325    -4.332    14.097
INDEX A1AA2AA2A1
   -9.923    -5.334    12.659
   -8.663    -6.160    12.674
   -7.791    -5.553    13.798
   -8.686    -4.626    14.619
   -9.969    -5.181    15.217
  -10.005    -4.473    13.870
INDEX A1AA=AA1
   -8.994    -3.975    15.300
   -8.415    -2.969    16.152
   -9.354    -2.920    17.299
  -10.388    -3.587    17.052
  -10.268    -4.206    15.822
INDEX a1aaa2a(a1)AAA12a2aaaaa2Aa2aaaaa12
   -6.683    -7.255    15.827
   -7.810    -7.503    15.042
   -8.575    -6.414    14.661
   -8.267    -5.119    15.025
   -9.291    -4.191    14.450
   -8.694    -3.224    13.446
   -8.543    -1.879    13.804
   -7.938    -0.971    12.934
   -7.495    -1.400    11.690
   -7.643    -2.726    11.301
   -8.963    -1.370    15.009
   -9.849    -2.113    15.752
  -10.512    -1.426    16.774
  -11.430    -2.103    17.567
  -11.691    -3.451    17.357
  -11.021    -4.137    16.342
   -8.238    -3.636    12.179
  -10.086    -3.474    15.525
  -10.180    -5.100    13.744
   -7.148    -4.862    15.805
   -9.783    -6.401    13.850
   -6.355    -5.943    16.206
INDEX A1AAA2=A(A1)A=AAA2
   -9.582    -4.434    15.588
   -8.829    -5.416    16.167
   -7.517    -5.664    15.868
   -6.908    -4.782    14.824
   -5.463    -5.038    14.497
   -4.821    -3.899    13.704
   -5.750    -3.417    12.598
   -7.081    -2.918    13.170
   -7.655    -3.812    14.250
   -9.048    -3.607    14.668
INDEX A1A2A3A4AA5A(A14)A2A35
   -9.827    -3.623    13.485
   -8.584    -4.437    13.145
   -7.978    -4.456    14.555
   -9.146    -4.861    15.489
   -9.323    -3.740    16.548
   -8.037    -2.935    16.457
  -10.255    -3.025    15.536
   -7.917    -2.944    14.936
  -10.396    -4.326    14.753
   -9.312    -2.484    14.432
INDEX A1AA2AA1A1AA21
   -9.954    -3.346    14.815
   -8.390    -4.217    15.129
   -8.589    -5.552    14.350
  -10.051    -5.950    14.707
   -8.673    -5.279    12.854
  -10.053    -4.754    12.629
   -9.639    -6.023    12.103
  -10.724    -4.765    13.984
INDEX A1AA=AA=A1
   -8.750    -2.649    15.224
   -9.776    -1.768    15.001
   -9.811    -0.901    13.944
   -8.866    -0.837    13.053
   -7.784    -1.685    13.221
   -7.650    -2.572    14.224
INDEX A1A2AA2AA2AA12
   -9.644    -3.811    15.544
   -8.124    -3.811    15.544
   -7.325    -4.234    14.355
   -8.124    -4.656    13.166
   -8.884    -3.634    12.400
   -9.644    -4.656    13.166
   -8.884    -4.833    16.310
  -10.443    -4.234    14.355
INDEX A1AAAA2AAA3AA=A(AAA1)A23
   -6.834    -3.208    13.541
   -6.765    -4.210    12.622
   -6.164    -5.443    13.253
   -7.237    -6.263    13.955
   -7.740    -5.514    15.161
   -8.782    -4.721    14.802
   -9.106    -3.645    15.704
   -9.499    -2.372    14.920
   -9.018    -2.201    13.512
  -10.061    -2.133    12.678
  -11.353    -2.239    13.411
  -10.996    -2.384    14.835
  -11.449    -3.660    15.403
  -10.388    -4.002    16.437
   -7.577    -2.049    13.152
INDEX A1AA2AAAA3A=AA4A(A1)A2A34
   -9.252    -4.191    15.559
   -9.378    -5.402    16.367
  -10.423    -6.361    15.803
   -9.993    -6.993    14.482
   -9.788    -6.013    13.440
   -8.566    -5.265    13.317
   -8.948    -4.097    12.363
  -10.421    -4.159    12.262
   -8.411    -3.080    13.402
   -9.350    -1.914    13.798
  -10.018    -2.051    14.992
  -10.763    -5.251    12.870
   -8.281    -4.227    14.436
  -10.123    -3.148    15.795
INDEX A1A=AAA=A1
   -8.064    -6.018    16.364
   -9.438    -5.823    16.370
  -10.047    -5.614    15.172
   -9.235    -5.576    13.866
   -7.798    -6.045    14.039
   -7.266    -6.230    15.262
INDEX A1=AA2A=Aa3aaaaa3A2=A1
   -9.372    -7.328    15.439
  -10.301    -7.484    16.445
  -10.847    -6.321    16.785
  -10.266    -5.412    15.993
  -10.566    -4.092    16.043
   -9.904    -3.354    15.200
   -8.877    -3.870    14.225
   -8.618    -5.250    14.230
   -7.679    -5.795    13.354
   -6.997    -4.957    12.470
   -7.252    -3.583    12.462
   -8.192    -3.035    13.338
   -9.364    -6.041    15.172
INDEX A1AAa2aaaaa2A1
    1.575    -3.363     7.883
    1.683    -4.524     7.146
    1.956    -4.495     5.766
    1.208    -3.465     5.002
    1.328    -2.130     5.719
    1.246    -0.920     5.010
    1.331     0.296     5.690
    1.491     0.326     7.075
    1.571    -0.870     7.790
    1.494    -2.094     7.114
INDEX A1AAA2(A1)AAAA2
   -8.884    -4.235    14.355
   -7.723    -2.896    13.207
   -8.662    -1.381    13.621
   -9.105    -1.381    15.089
   -7.733    -5.574    15.512
   -8.668    -7.089    15.091
   -9.099    -7.089    13.619
  -10.045    -2.896    15.503
  -10.035    -5.574    13.197
INDEX A1AA2AAAA2A1
   -8.110    -4.658    11.267
   -8.583    -3.581    12.236
   -7.901    -2.227    12.048
   -8.084    -1.400    13.652
   -8.445    -2.971    14.568
   -8.250    -4.032    13.584
   -7.199    -4.902    13.692
   -6.719    -5.486    12.095
INDEX A1=Aa2aaaaa2AA1
   -6.584    -4.935    14.792
   -7.847    -5.093    15.388
   -7.929    -5.315    16.766
   -9.166    -5.522    17.382
  -10.333    -5.520    16.619
  -10.263    -5.304    15.243
   -9.021    -5.081    14.636
   -8.855    -4.849    13.176
   -7.613    -4.151    12.917
   -6.486    -4.472    13.631
INDEX A1AA=A1
   -8.054    -4.575    14.117
   -9.197    -4.490    14.838
   -9.397    -5.971    14.991
   -8.117    -6.139    14.112
INDEX A1AA21AA1(AA1)AA1(AA1)A2
   -8.009    -4.684    13.744
   -7.711    -3.974    15.028
   -7.026    -2.612    14.920
   -6.250    -3.785    15.432
   -8.735    -4.132    16.109
  -10.167    -4.109    15.664
  -11.156    -5.005    16.408
  -11.195    -3.523    16.631
  -10.400    -3.937    14.194
   -9.441    -4.661    13.299
   -9.982    -5.898    12.583
   -9.710    -4.653    11.795
INDEX A1AAA2AA=AAA2A1
   -8.906    -3.064    14.861
   -8.709    -4.110    15.854
  -10.022    -4.496    16.552
   -9.782    -5.633    17.554
   -9.041    -6.811    16.913
   -7.784    -6.340    16.179
   -8.128    -5.289    15.232
   -8.442    -5.662    13.929
   -8.981    -4.614    13.021
   -9.157    -3.395    13.543
INDEX a1aaa2a(a1)AA1AA2Aa2aaaaa12
   -7.986    -5.711    17.058
   -8.698    -4.517    16.863
  -10.202    -4.495    17.033
  -10.799    -3.224    16.581
   -9.981    -2.097    17.015
   -8.702    -2.117    16.316
   -8.897    -1.841    14.880
  -10.102    -2.561    14.314
  -10.329    -2.570    12.929
  -11.442    -3.227    12.390
  -12.318    -3.896    13.251
  -12.101    -3.885    14.631
  -11.002    -3.214    15.177
   -8.011    -3.338    16.522
   -6.620    -3.382    16.367
   -5.918    -4.574    16.557
   -6.596    -5.751    16.892
INDEX A1A=AA2=AA=AA2A1
   -7.745    -3.792    15.285
   -8.998    -4.150    15.637
   -9.864    -3.797    16.661
  -11.054    -4.502    16.524
  -10.905    -5.247    15.453
   -9.676    -5.068    14.886
   -9.150    -5.668    13.761
   -7.864    -5.223    13.514
   -7.196    -4.292    14.277
INDEX A1=AAa2aa3AAAa3aa2A1
   -8.368    -5.581    14.072
   -8.570    -6.024    15.351
   -9.131    -5.261    16.243
   -9.578    -3.878    15.893
   -9.457    -3.446    14.504
   -9.942    -2.186    14.123
   -9.801    -1.839    12.803
   -9.211    -2.687    11.901
   -8.727    -3.931    12.268
   -9.168    -2.161    10.647
   -9.799    -0.881    10.866
  -10.204    -0.672    12.236
   -8.843    -4.346    13.606
INDEX A1AAA2A=AA=A2A1
   -8.220    -6.174    15.792
   -8.308    -5.371    14.678
   -8.085    -4.012    14.523
   -8.333    -3.741    13.136
   -8.665    -4.928    12.514
   -8.630    -5.903    13.462
   -8.794    -7.330    13.272
   -9.329    -7.978    14.534
   -8.605    -7.492    15.775
INDEX A1AA2A3AAA2A13
   -9.199    -3.509    14.970
  -10.691    -3.658    14.778
  -10.743    -4.996    14.069
   -9.251    -5.299    14.047
   -8.643    -4.895    15.444
   -7.127    -4.839    15.307
   -7.047    -4.157    13.956
   -8.517    -3.970    13.658
INDEX A1=AA2A=AA=AA(A=A1)A2
   -8.971    -6.188    14.568
   -9.016    -5.287    13.624
   -9.020    -3.767    13.832
  -10.391    -3.299    14.248
  -10.762    -2.550    15.296
   -9.934    -1.970    16.323
   -8.736    -2.410    16.733
   -7.946    -3.553    16.144
   -8.509    -4.867    16.601
   -7.788    -3.373    14.638
   -8.945    -5.921    15.903
INDEX A1=AA=A2AAAA2A=A1
   -7.789    -3.565    14.134
   -7.099    -2.425    13.713
   -7.988    -1.441    13.369
   -9.307    -1.931    13.564
   -9.153    -3.334    14.070
  -10.216    -4.107    14.363
  -10.230    -5.460    14.853
   -9.178    -6.234    15.118
   -7.795    -5.888    14.975
   -7.212    -4.753    14.556
INDEX A1=Aa2aaa3aaaaa3a2A1
  -12.571    -5.675    14.046
  -11.938    -7.153    14.586
  -10.571    -7.197    14.465
  -10.005    -5.991    13.910
   -8.646    -5.652    13.640
   -8.355    -4.389    13.078
   -9.352    -3.460    12.785
  -10.701    -3.773    13.054
  -11.703    -2.821    12.758
  -11.367    -1.585    12.205
  -10.035    -1.281    11.940
   -9.035    -2.211    12.227
  -11.008    -5.052    13.620
INDEX A1=AAA2=A(A1)A=AA2
   -9.083    -5.724    15.013
   -8.921    -4.461    14.525
   -8.839    -3.632    15.624
   -8.664    -2.208    15.515
   -8.580    -1.727    14.101
   -8.658    -2.522    13.013
   -8.963    -4.486    16.730
   -8.841    -4.011    13.167
   -9.112    -5.764    16.364
INDEX A1AAA23AAA4(AAAAA4AA3A1)A2
   -7.753    -3.591    13.770
   -8.412    -4.332    12.719
   -8.941    -5.562    13.356
   -8.698    -5.344    14.802
   -8.604    -6.672    15.578
   -9.942    -7.402    15.670
  -11.017    -6.521    16.295
  -11.175    -5.204    15.543
   -9.843    -4.439    15.440
  -10.106    -3.173    14.692
   -7.437    -4.566    14.845
   -8.802    -2.548    14.321
   -9.098    -1.444    13.293
   -7.821    -0.770    12.803
   -6.849    -1.784    12.216
   -6.505    -2.882    13.223
INDEX A1A=AA2A(=A1)AA1AAAA21
   -8.995    -1.998    13.794
   -7.619    -2.201    13.434
   -6.658    -1.950    14.580
   -6.308    -3.333    15.130
   -6.569    -4.278    14.073
   -7.457    -3.682    13.122
   -8.799    -4.173    13.239
   -9.289    -5.447    13.035
  -10.603    -5.651    13.222
  -11.482    -4.515    13.642
  -10.918    -3.271    13.823
   -9.651    -3.181    13.629
INDEX A1=AA2=AAA=AA2=AA1
   -8.815    -2.842    13.682
   -9.986    -2.511    14.504
  -10.600    -3.687    15.224
  -10.154    -4.952    15.155
   -8.990    -5.226    14.327
   -8.445    -6.442    14.172
   -7.265    -6.683    13.324
   -6.678    -5.530    12.629
   -7.201    -4.311    12.767
   -8.388    -4.053    13.617
INDEX a1aaa2AA3AAA3Aa2a1
   -6.893    -4.484    14.850
   -7.889    -5.253    14.304
   -7.488    -6.171    13.333
   -8.428    -7.002    12.726
   -9.767    -6.920    13.099
  -10.164    -6.008    14.079
   -9.230    -5.155    14.690
   -9.637    -4.217    15.795
   -8.763    -2.980    15.794
   -8.735    -2.049    14.552
   -7.207    -1.972    14.715
   -7.270    -3.276    15.548
INDEX A1AAA2=A(A1)AA=AA2
   -7.845    -7.163    15.197
   -7.654    -7.947    14.106
   -7.797    -7.409    12.897
   -8.128    -6.064    12.692
   -8.324    -5.274    13.931
   -8.708    -3.890    13.802
   -8.345    -3.018    15.032
   -8.787    -3.764    16.331
   -8.312    -5.158    16.319
   -8.181    -5.840    15.144
INDEX A1A=AA2AAA(A1)A2
   -9.228    -2.444    13.069
  -10.225    -2.176    14.143
   -9.570    -2.332    15.518
   -9.190    -3.747    15.968
   -8.204    -4.499    15.116
   -8.204    -4.595    13.771
  -11.332    -3.169    13.826
  -10.657    -4.350    13.131
   -9.205    -3.931    12.856
INDEX A1AA2A(A1)A1A=AA21
  -10.906    -4.476    14.393
   -9.936    -3.604    15.599
   -8.485    -3.802    15.185
   -7.983    -2.885    14.048
   -6.479    -2.758    13.967
   -6.349    -3.822    13.151
   -7.835    -4.097    13.119
   -8.335    -5.034    14.241
   -9.681    -5.700    13.993
INDEX a1aaa2AAa2a1
  -10.547    -4.152    14.179
  -10.312    -5.343    15.124
   -8.871    -4.898    15.031
   -7.581    -5.137    15.433
   -6.591    -4.272    14.944
   -6.913    -3.202    14.076
   -8.232    -2.975    13.679
   -9.156    -3.848    14.185
INDEX A1AA2A3A=AA(A3)A2A1
   -9.749    -4.025    13.377
   -8.460    -4.153    12.849
   -7.693    -3.141    13.409
   -8.349    -2.632    14.521
  -10.560    -5.137    13.912
  -11.568    -4.349    14.764
  -10.452    -3.645    15.552
   -9.702    -4.875    16.029
   -9.768    -5.778    15.035
   -9.679    -3.059    14.438
INDEX A1AAA2AAAAA2A1
   -1.814     0.483     7.946
   -3.278     0.742     7.747
   -3.513     1.342     6.425
   -2.714     2.632     6.255
   -1.316     2.362     6.294
   -0.933     1.802     7.572
    0.525     1.525     7.551
    0.774     0.432     6.603
    0.002    -0.825     7.019
   -1.415    -0.634     7.108
INDEX A1AA2AA3AAA1A23
   -1.117     1.044     8.005
   -0.464     0.459     9.193
   -1.212     1.365    10.066
   -2.125     0.621    11.018
   -3.520     0.841    10.441
   -3.348     1.046     8.996
   -3.120    -0.232     8.282
   -2.083     1.828     8.896
   -1.994     0.030     7.290
INDEX A1AAA2AAAA2A1
    8.673     9.329     1.188
    9.574     9.094     2.273
   10.112     7.653     2.183
   10.867     7.486     0.853
   10.967     6.097     0.512
    9.897     5.834    -0.279
    9.245     6.953    -0.678
   10.117     8.033    -0.339
    9.332     9.313    -0.080
INDEX A1AAA2=AAA=A2A1
    2.827     1.441     7.814
    3.025     1.890     9.107
    2.527     1.103    10.139
    1.868    -0.071     9.818
    1.685    -0.496     8.495
    1.020    -1.660     8.474
    0.838    -1.871     9.792
    1.323    -0.955    10.656
    2.186     0.289     7.394
INDEX A1A2AA3AA1AA(A2)A3
    1.841    10.677     2.153
    3.240    10.185     2.261
    4.170    11.326     1.974
    3.938    12.437     3.042
    2.493    12.953     2.984
    2.212    13.459     1.561
    2.472    12.317     0.549
    3.908    11.951     0.640
    1.570    11.755     3.225
    1.601    11.210     0.846
INDEX A1=AA2A3A=AA(A3)A2A1
    6.663     2.223     1.727
    5.571     1.150     0.645
    6.147     1.509    -0.707
    5.634     2.680    -1.127
    4.771     3.219    -0.006
    4.233     1.886     0.542
    5.700     3.802     1.087
    4.965     4.243     2.348
    4.994     3.490     3.413
    5.776     2.357     3.240
INDEX A1Aa2aa3=AAA=a3aa2A1
    6.034     1.955     7.868
    6.115     1.609     6.544
    6.155     2.450     5.433
    6.236     1.650     4.286
    6.292     2.177     3.023
    6.365     0.989     2.213
    6.354    -0.236     2.971
    6.272     0.233     4.255
    6.233    -0.617     5.368
    6.152     0.173     6.508
    6.092    -0.259     7.807
    6.020     0.823     8.645
INDEX a1aaa2a(a1)A1A=AA3AAA2A1A3
    4.258     2.408    12.728
    3.481     3.340    14.028
    2.038     2.877    14.261
    1.620     1.698    13.495
    1.677     2.001    12.068
    0.741     3.207    11.660
    0.462     4.159    12.806
    1.571     3.877    10.602
    1.186     4.870     9.711
    2.147     5.392     8.844
    3.469     4.921     8.876
    3.846     3.921     9.777
    2.889     3.423    10.642
    1.070     4.009    13.995
    3.038     2.352    11.575
INDEX A1=AA2=AA3=A(A2A=A1)A1A=AA=AA1=A3
    7.858     6.742     2.177
    8.203     5.505     1.643
    8.624     5.148     0.406
    8.931     5.577    -0.843
    8.909     6.847    -1.411
    9.269     6.993    -2.698
    9.672     5.819    -3.458
    9.692     4.590    -2.903
    9.312     4.423    -1.541
    9.248     3.344    -0.779
    8.821     3.807     0.424
    8.539     3.273     1.641
    8.165     4.309     2.373
    7.748     4.397     3.732
    7.413     5.594     4.253
    7.465     6.814     3.461
INDEX A1A=AA2=AAA=A2A1
    6.466     1.644     5.236
    6.929     1.644     6.476
    8.214     1.644     6.766
    9.110     1.644     5.718
    8.664     1.644     4.398
    9.813     1.644     3.640
   10.849     1.644     4.542
   10.429     1.644     5.828
    7.279     1.644     4.062
INDEX a1aaa2a(a1)A=A1A=AA=AA21
    2.803     3.293     4.307
    2.309     2.155     3.792
    1.188     1.508     4.448
    0.628     2.034     5.553
    1.138     3.246     6.100
    0.733     3.947     7.134
    1.577     5.019     7.197
    1.559     6.079     8.120
    2.517     7.103     8.035
    3.483     7.053     7.020
    3.516     5.989     6.096
    2.542     4.979     6.189
    2.233     3.837     5.463
INDEX A1A=AAAA=A1
    4.829     2.979     4.247
    5.727     2.647     5.118
    5.341     2.142     6.333
    4.436     1.099     6.471
    3.353     0.759     5.759
    2.789     1.512     4.652
    3.350     2.879     4.414
INDEX A1AA=AA2AA2AA1
    4.170     0.794     6.939
    4.650     0.838     5.490
    3.311     1.429     5.881
    2.033     0.800     5.434
    0.876     1.183     6.355
    1.125     0.972     7.853
    1.428    -0.470     8.263
    2.792    -1.059     8.034
    3.905    -0.538     7.493
INDEX A1=AAA2=AA=AAA2A1
    0.150     2.145    -2.149
   -0.587     2.293    -0.999
   -1.955     1.762    -1.090
   -2.341     1.175    -2.233
   -1.539     1.044    -3.346
   -0.330     1.518    -3.285
    0.543     1.404    -4.342
    1.884     1.671    -4.290
    2.265     2.285    -3.205
    1.443     2.695    -2.173
INDEX A1AAA2AA2A1
    1.299     2.506     1.788
    1.035     1.153     2.189
    1.550     0.773     3.559
    3.091     0.947     3.671
    3.932     0.614     2.408
    3.463     1.486     1.221
    1.983     1.473     1.065
INDEX A1AA2AAA1AA2
   -2.776     7.251     4.938
   -2.350     7.946     6.339
   -1.187     8.800     6.387
   -1.048     9.950     4.818
   -0.762     8.407     3.660
   -2.975     9.862     4.531
   -1.329     7.197     4.208
   -3.417     8.533     4.180
INDEX A1AA2AA1A2
    2.161     5.954     7.242
    1.067     6.923     7.371
    1.443     7.812     6.181
    2.978     8.043     6.310
    1.860     6.851     5.007
    2.962     6.466     6.069
INDEX A1AAA2=A(A1)AAA2
    7.647     1.657    -1.639
    8.980     0.981    -2.432
    9.502    -0.092    -1.797
   10.698    -0.763    -2.369
   10.940    -2.134    -1.751
   10.770    -2.059    -0.238
    9.358    -1.618     0.127
    8.944    -0.447    -0.688
    7.760     0.376    -0.243
INDEX A1=AA=A2AAAA2A1
    2.153     0.492     3.261
    0.717     0.375     3.075
    0.256     1.837     3.164
    1.375     2.515     3.806
    1.463     3.782     4.305
    2.660     4.142     4.856
    3.630     3.293     4.869
    3.575     2.027     4.362
    2.461     1.690     3.834
INDEX A1AA2AAA=A2A1
    1.726     0.265     5.289
    1.485     0.822     3.695
    0.370     1.085     3.007
    0.757     1.614     1.389
    2.507     1.458     1.703
    2.652     1.017     3.008
    3.835     0.745     3.678
    3.543     0.269     5.092
INDEX A1AAA2AAA2A1
    7.525     5.935     3.816
    7.803     4.419     3.963
    8.947     4.215     4.856
    8.995     4.810     6.103
    8.109     6.088     6.271
    8.807     7.459     6.323
    7.790     7.972     5.295
    7.469     6.577     5.038
INDEX A1A2A3A4AA5A3A1A5A24
    0.982    -5.394     6.027
    1.084    -4.095     6.840
    0.138    -3.277     5.949
    0.524    -3.555     4.463
   -0.982    -3.791     4.130
   -1.084    -5.090     3.317
   -0.138    -5.907     4.209
   -1.129    -4.175     5.656
    1.129    -5.010     4.501
   -0.524    -5.630     5.694
INDEX A1=AA2AA2A1
    3.385    -0.197     2.212
    2.998     1.138     1.619
    2.661     0.846     3.064
    3.603     1.085     4.168
    4.742     0.371     4.133
    4.683    -0.445     2.895
INDEX A1=AA2=AA=AA2A=A1
    2.895     4.820     0.017
    1.780     4.045     0.284
    2.184     2.713     0.161
    3.526     2.757    -0.173
    4.429     1.737    -0.414
    5.691     2.108    -0.724
    6.170     3.413    -0.823
    5.280     4.339    -0.586
    3.944     4.037    -0.257
INDEX A1=AA2A=AA3=A(AA=A3)A2=A1
    1.289     5.731     3.751
    2.013     4.721     4.181
    2.682     3.690     3.505
    2.866     3.296     2.083
    3.723     2.066     2.213
    3.963     1.827     3.435
    3.356     2.777     4.201
    3.375     2.881     5.682
    2.772     3.817     6.359
    2.106     4.710     5.567
    1.391     5.786     6.015
    0.899     6.398     4.886
INDEX A1=AA2A=AA=A2AA1
   13.197     5.303    -1.872
   13.370     4.056    -1.307
   12.209     3.532    -0.923
   11.285     4.446    -1.242
    9.969     4.282    -1.009
    9.221     5.283    -1.390
    9.829     6.568    -2.065
   11.187     6.601    -2.242
   11.908     5.525    -1.823
INDEX A1AA2=A(A1)AA1=A(AAA1)A2
    8.433    -1.499     4.578
    8.933    -0.958     3.028
    9.781     0.025     2.729
    9.990     0.183     1.274
    9.059    -0.971     0.368
   10.635     1.055     3.804
    9.778     0.797     5.268
    9.985     1.738     6.390
    9.051     1.283     7.784
    8.404    -0.095     6.945
    8.410    -1.650     1.830
    8.930    -0.187     5.566
INDEX A1AA2A3AA4AA2A(A4)A13
    9.434     0.913    -3.567
    8.197     1.892    -3.507
    8.327     2.613    -2.165
    9.025     1.541    -1.323
    8.079     0.326    -1.167
    7.598    -0.201    -2.538
    7.012     0.916    -3.421
    6.936     0.206    -4.752
    8.055    -0.798    -4.843
   10.188     1.147    -2.247
    8.761    -0.483    -3.511
INDEX A1AAa2aaa3A=AAa3a2A1
    0.593     2.717     0.593
    1.424     3.431    -0.224
    1.133     3.161    -1.560
    1.888     3.801    -2.554
    2.906     4.679    -2.161
    3.187     4.925    -0.805
    4.277     5.916    -0.462
    4.741     5.832     0.992
    3.544     5.785     1.933
    2.712     4.532     1.673
    0.058     2.231    -1.553
    2.426     4.308     0.213
   -0.221     2.003    -0.227
INDEX A1=AA2=A(A1)A=AA2
    0.834     1.674     0.961
    1.148     1.603    -0.740
    0.675     2.580    -1.487
    0.018     3.449    -0.668
   -0.834     4.932    -0.961
   -1.148     5.003     0.740
   -0.675     4.026     1.487
   -0.018     3.157     0.668
INDEX A1A=AA2=A(A1)A=AA2
    0.282    -0.512     2.069
    0.011    -0.104     3.371
   -0.112    -1.246     4.257
   -0.390    -1.252     5.599
   -0.380    -2.530     5.920
   -0.130    -3.341     4.837
    0.048    -2.523     3.755
    0.313    -2.900     2.475
    0.419    -1.851     1.702
INDEX A1=AA1
    0.473     0.212     1.975
    1.345    -0.779     1.312
    1.343    -0.779     2.639
INDEX A1A2AA3AA1A1A2A31
    0.084     2.679    10.684
    1.087     3.677    10.248
    0.695     3.920     8.792
    0.440     2.474     8.358
    1.688     1.594     8.344
    1.991     1.566     9.844
    2.403     2.917    10.426
    0.647     1.364    10.433
   -0.319     1.929     9.507
INDEX A1A2AA3AA1AA3A2
   -3.848     0.391     8.597
   -2.834     1.758     7.375
   -1.909     2.722     8.649
   -0.702     1.926     9.166
    0.109     1.494     7.934
   -1.107     0.735    10.069
   -0.967     0.622     6.714
   -1.158    -1.245     7.645
   -2.164    -0.603     9.379
INDEX a1aaa2A3AAA(A3)a2a1
    5.245     1.718     0.234
    4.208     2.651    -0.441
    2.848     1.941    -0.149
    3.259     0.709     0.684
    3.812     1.197     2.002
    3.312     1.142     3.287
    4.043     1.698     4.332
    5.261     2.302     4.024
    5.792     2.384     2.726
    5.041     1.813     1.728
    4.591     0.337     0.008
INDEX A1AAA2A(=A1)A=A1AAA=A21
    1.634     2.155     5.482
    0.816     2.564     6.480
   -0.462     2.329     6.816
   -0.706     3.144     8.009
   -1.840     3.310     8.697
   -1.864     4.218     9.896
   -0.461     4.525    10.447
    0.549     4.840     9.337
    0.493     3.798     8.329
    1.422     3.481     7.378
    2.655     3.711     6.974
    2.789     2.861     5.767
INDEX a1aaa2=AAA=a2a1
   -2.376     0.605     6.584
   -1.037     0.304     6.419
   -0.358     1.239     7.096
    1.028     1.429     7.290
    1.434     2.519     8.080
    0.501     3.409     8.662
   -0.888     3.247     8.469
   -1.330     2.158     7.695
   -2.556     1.728     7.370
INDEX A1A=A2AA3=AAA=A3A2=A1
    5.410     2.472     3.952
    6.054     1.222     2.703
    7.103     1.222     1.839
    7.133    -0.263     0.960
    5.732    -0.895     1.749
    5.280     0.016     2.645
    4.159     0.013     3.566
    3.195    -0.900     3.834
    2.148    -0.274     5.057
    3.012     1.213     5.201
    4.063     1.218     4.339
INDEX A1AAA23A=AAA3(A1)A=AA2
    3.015    -0.466    10.434
    1.659    -0.992    10.401
    1.577    -2.298     9.594
    2.045    -3.531    10.351
    1.287    -3.666    11.662
    1.615    -2.504    12.586
    0.586    -0.079     9.868
   -0.281    -0.051    10.843
   -0.032    -0.753    11.994
    1.375    -1.118    11.966
    2.339    -0.169    12.628
    3.189     0.094    11.673
INDEX a1aaa2Aa2a1
    1.834     0.096     6.350
    0.746    -0.810     6.069
    0.776     0.108     7.183
    0.660     0.901     8.257
    1.754     1.752     8.465
    2.872     1.740     7.585
    2.916     0.877     6.481
INDEX A1AA2AAA(A1)A2
    4.623     4.718    10.857
    3.291     4.895    11.566
    2.350     4.719    10.388
    3.001     5.548     9.394
    2.283     3.258     9.877
    3.684     2.719     9.519
    4.361     5.532     9.619
    4.802     3.239    10.445
INDEX A1=AA2A(=A1)A=Aa1aaa3aaaaa3a21
    7.259     7.938     6.715
    6.621     7.943     7.939
    6.418     6.597     8.310
    6.945     5.821     7.300
    7.109     4.405     7.207
    7.678     3.860     6.181
    8.096     4.691     5.118
    7.883     6.088     5.066
    8.208     6.837     3.886
    8.903     6.168     2.848
    9.308     6.762     1.713
    8.996     8.056     1.516
    8.263     8.799     2.410
    9.171     4.816     2.962
    7.858     8.180     3.589
    8.749     4.072     4.060
    7.362     6.639     6.269
INDEX A1AAAAA2=AA=A(AAAA1)A2
    7.227     4.360     4.883
    7.097     3.555     3.376
    5.970     3.876     2.448
    4.893     2.426     2.142
    4.289     2.081     3.840
    5.043     0.906     4.466
    4.478     0.540     6.170
    5.341     1.863     7.094
    6.800     1.510     7.393
    7.652     2.972     8.100
    8.935     3.304     6.840
    8.136     2.662     3.199
    8.909     2.502     4.384
    8.452     3.292     5.422
INDEX A1A2A3A2A13
    1.499     0.875     7.843
    1.429     0.834     9.323
    2.894     0.896     9.309
    2.792     0.175     8.038
    1.563    -0.446     8.586
INDEX A1=AA2AA=AA(A1)A2
    3.219     1.788     5.905
    3.222     1.106     4.642
    2.208     1.697     3.815
    2.507     3.068     3.468
    3.108     3.784     4.480
    0.899     1.604     4.529
    0.866     1.520     5.864
    1.998     1.572     6.648
    3.438     3.245     5.659
INDEX A1AA2AA1A1A3A=AA(A3)A21
    2.353    11.070     7.190
    2.742    11.912     6.271
    4.206    12.237     6.308
    4.321    12.277     7.839
    5.027    10.966     5.978
    4.628    10.014     7.140
    4.193     8.729     6.403
    3.562     9.213     5.097
    5.477     8.078     5.832
    5.859     9.024     4.671
    4.750    10.105     4.725
    3.630    10.896     7.939
INDEX A1=AA2A=AAA2=AA1
    0.444     3.534     5.471
    0.111     5.030     4.627
    1.041     5.959     4.897
    2.047     5.560     5.763
    3.135     6.280     6.245
    3.974     5.665     7.099
    3.735     4.251     7.523
    2.641     3.589     7.016
    1.893     4.251     6.206
INDEX A1AA2A(A1)A1AAAA21
    3.628     6.338     0.958
    3.364     8.026     1.733
    4.626     8.751     2.061
    5.368     8.066     3.121
    4.381     7.747     4.235
    2.770     7.345     3.435
    2.018     5.936     0.158
    1.031     5.617     1.272
    1.773     4.932     2.332
    3.034     5.657     2.660
INDEX A1AAA2=AAA=A2AA1
    4.661     4.295    -2.089
    3.399     4.010    -0.890
    3.249     2.832    -0.081
    2.136     2.959     0.731
    1.408     4.472     0.431
    4.294     1.410    -0.108
    5.966     2.052     0.897
    7.147     2.883    -0.557
    2.483     4.963    -0.726
    6.305     4.714    -0.930
INDEX a1aaa2A3AAA(AA3)a2a1
    4.297     1.764     7.718
    3.146     2.421     6.413
    1.688     1.973     6.514
    1.085     1.390     8.166
    2.172    -0.112     8.309
    2.062     2.450     9.291
    1.429     3.113    10.350
    2.177     3.876    11.248
    3.559     3.978    11.098
    4.199     3.323    10.046
    3.609     0.047     7.809
    3.460     2.556     9.139
INDEX A1A=AA2=A(A1)AAA2
    2.172     2.042    10.748
    2.427     3.297    11.253
    2.462     4.330    10.220
    2.732     5.670    10.297
    2.670     6.199     8.987
    2.323     5.096     8.168
    2.220     3.975     8.955
    1.945     2.718     8.508
    1.934     1.793     9.421
INDEX A1AA23AA2AAA23AAA1A2
    3.112     1.893    26.094
    1.628     2.615    26.780
    2.078     3.688    27.762
    2.097     3.323    29.278
    2.418     4.737    29.813
    1.467     5.675    29.051
    3.785     5.128    29.515
    4.317     4.935    28.265
    1.174     4.947    27.727
    3.466     4.127    27.359
    3.668     4.343    25.955
    4.192     3.146    26.539
INDEX A1AAA=AAA1
    1.629     0.866    -4.481
    1.942     2.111    -3.869
    1.081     2.415    -2.648
   -0.290     2.092    -2.904
   -0.652     0.762    -2.709
    0.184    -0.287    -2.934
    1.519    -0.219    -3.576
INDEX A1AA2=AAA3AA=A(A1)A23
    3.847     8.906     0.248
    4.960     8.329     0.878
    4.671     8.343     2.349
    3.420     8.804     2.479
    2.542     8.859     3.687
    0.948     8.018     3.337
    0.498     8.862     1.770
    1.648     8.806     0.816
    1.697     8.347    -0.441
    2.906     9.187     1.251
    3.147     8.331    -0.823
INDEX A1=AA2=AAA=A2A1
    4.901     0.960     0.157
    3.296     0.285     0.413
    3.516    -0.907     1.014
    2.861    -2.034     1.551
    3.757    -2.936     2.029
    5.048    -2.394     1.811
    4.858    -1.179     1.204
    5.776    -0.339     0.825
INDEX A1AA2=AAa3aaaa(A1)a23
    2.535     2.197    -2.002
    1.521     2.911    -1.397
    1.943     3.231    -0.129
    3.240     2.699     0.036
    4.095     2.752     1.150
    5.326     2.095     1.029
    5.700     1.471    -0.171
    4.846     1.443    -1.283
    3.526     3.501     2.362
    2.460     4.546     1.896
    1.334     3.972     0.999
    3.604     2.066    -1.141
INDEX A1=AA=A2AAA=A2A=A1
    7.524     0.786     8.168
    8.826     0.646     7.787
    9.420    -0.518     8.433
    8.470    -1.062     9.193
    8.692    -2.246     9.982
    7.811    -2.849    10.789
    6.449    -2.478    11.075
    5.717    -1.464    10.588
    6.085    -0.442     9.623
    7.286    -0.271     9.048
INDEX A1AA2(A1)AA2
    4.415    -2.994     2.777
    3.477    -1.899     2.375
    3.832    -0.483     1.969
    2.332    -0.085     2.434
    2.312    -1.492     3.136
    3.542    -3.152     1.558
INDEX a1aaa2AA3AAA3a2a1
    1.956     5.692     0.129
    3.389     6.650     0.850
    3.053     7.684     1.988
    3.315     8.752     0.883
    3.611     7.803    -0.063
    2.857     7.777    -1.248
    2.946     8.725    -2.256
    2.132     8.573    -3.381
    1.244     7.491    -3.476
    1.153     6.553    -2.443
    1.966     6.707    -1.331
INDEX A1=AAA2=AAA=A2A1
    6.501     2.599     5.286
    4.969     2.841     5.888
    4.295     3.502     4.943
    2.900     3.922     5.056
    2.373     4.641     3.877
    3.098     4.901     2.774
    4.510     4.501     2.605
    5.083     3.786     3.742
    6.338     3.333     3.802
INDEX A1A2AA3AAA(A2)A13
    3.139     4.533     5.539
    3.416     5.245     3.881
    3.736     4.017     2.997
    2.832     2.856     3.488
    3.556     1.621     2.962
    4.868     1.975     3.652
    4.427     2.078     5.123
    5.149     3.391     3.119
    3.076     2.820     5.020
INDEX A1A=AA2=AAAA2=A1
    1.210     2.928     0.025
    2.849     3.188     0.760
    3.936     3.297     0.038
    3.806     3.201    -1.307
    4.730     3.335    -2.279
    4.194     3.148    -3.559
    2.886     2.717    -3.430
    2.562     2.849    -2.077
    1.390     2.705    -1.567
INDEX A1AA2A3AA1A=AA23
    2.760     5.195    -3.254
    1.291     5.471    -3.089
    1.011     5.698    -1.591
    1.862     6.803    -1.015
    3.154     6.863    -1.384
    1.321     4.491    -0.852
    2.535     3.899    -1.042
    3.733     5.879    -2.315
    3.402     4.404    -2.147
INDEX A1A=A2A=AA3=AA=AA3A2=A1
    1.706     8.408     2.051
    2.231     8.061     3.301
    1.570     8.463     4.504
    0.428     9.186     4.437
   -0.129     9.554     3.167
   -1.200    10.235     2.824
   -1.211    10.259     1.446
   -0.171     9.608     0.938
    3.339     7.363     3.051
    3.494     7.284     1.609
    2.410     7.976     1.012
    0.519     9.159     1.998
INDEX A1A2AA3A1A1A=AA2A31
    0.897    -1.036     6.010
    2.229    -1.018     5.239
    1.713    -0.839     3.790
    0.813     0.452     3.742
   -0.408    -0.015     4.628
    1.346     1.614     4.541
    0.970     1.562     5.829
    0.657    -1.952     3.700
    0.111     0.345     6.063
   -0.134    -1.508     4.924
INDEX A1A=AA2A(A1)A1AA2A2a3aaaaa3A12
    4.175     7.621     2.959
    5.583     7.214     3.432
    6.543     6.451     2.576
    6.885     5.198     2.127
    8.015     5.096     1.312
    8.776     6.237     0.991
    8.418     7.494     1.482
    7.291     7.566     2.267
    6.440     8.486     3.087
    5.393     9.440     2.476
    4.835     9.009     1.104
    5.826     8.868    -0.018
    5.716     7.746    -0.799
    5.025     6.609    -0.501
    4.273     6.601     0.551
    4.000     7.775     1.434
    4.183     9.108     3.373
INDEX a1aaa2AA3AAA(A3)a2a1
    2.322    -0.149     2.661
    3.077     0.640     3.591
    4.473     0.128     3.318
    4.288    -1.291     3.283
    2.530     0.275     4.975
    2.518     1.255     5.980
    2.046     0.938     7.257
    1.571    -0.345     7.543
    1.575    -1.340     6.542
    2.068    -1.065     5.236
    2.125    -2.068     4.038
    2.886    -1.499     2.846
INDEX A1AAAAAA1
    8.981     4.685     8.309
    9.569     3.727     7.377
   10.925     3.951     6.893
   11.054     5.205     6.007
   11.193     6.455     6.757
   10.039     6.764     7.601
    9.867     5.805     8.713
INDEX A1#AAAAA#AAAA1
    4.725     0.683    -0.015
    6.191     0.802    -0.098
    6.879     0.870     1.202
    7.289     0.804     2.330
    7.585     0.593     3.757
    7.094    -0.684     4.305
    5.628    -0.802     4.388
    4.941    -0.870     3.089
    4.530    -0.804     1.960
    4.235    -0.593     0.534
INDEX A1AA=A2AAA=AA2A1
    2.845     2.491     2.318
    2.680     3.565     3.172
    1.484     4.078     3.452
    0.283     3.493     2.836
    0.504     2.414     1.994
    4.122     2.008     2.060
    4.203     0.969     1.161
    3.083     0.328     0.676
    1.863     0.871     0.945
    1.764     1.888     1.724
INDEX a1aaa2a(a1)a1aaaaa1A12A2AA=AAA12
    7.913    11.779    -4.868
    8.011    13.100    -4.118
    6.862    14.037    -4.067
    6.048    13.997    -2.821
    5.902    12.848    -2.148
    6.552    11.603    -2.640
    7.843    11.785    -3.347
    9.103    11.169    -5.649
   10.475    11.142    -5.398
   11.336    10.504    -6.299
   10.841     9.891    -7.453
    9.475     9.905    -7.725
    8.621    10.539    -6.829
    7.172    10.683    -6.899
    6.306    10.217    -7.882
    4.943    10.469    -7.748
    4.464    11.178    -6.643
    5.338    11.646    -5.654
    6.708    11.407    -5.764
INDEX A1AAA2=A(A1)AA1=A2AAA=A1
    1.206     1.461     2.533
   -0.147     0.700     3.243
   -0.587    -0.514     2.815
   -1.625    -0.952     3.449
   -2.263    -0.291     4.470
   -1.858     0.940     4.936
   -0.692     1.467     4.256
    0.016     2.693     4.457
   -0.301     3.769     5.455
    0.862     4.761     5.615
    1.456     5.169     4.259
    2.022     3.958     3.500
    1.066     2.808     3.565
INDEX a1aaa2AAAa3aaaaa3AAAa2a1
    7.484     0.864     5.346
    6.872    -0.277     4.331
    5.733    -1.030     4.257
    5.625    -1.782     3.081
    4.515    -2.593     2.851
    3.496    -2.654     3.796
    3.593    -1.913     4.975
    4.718    -1.116     5.221
    4.799    -0.389     6.377
    4.810    -0.864     7.966
    5.422     0.277     8.981
    6.562     1.030     9.055
    6.669     1.782    10.232
    7.780     2.593    10.461
    8.799     2.654     9.516
    8.701     1.914     8.337
    7.576     1.116     8.091
    7.495     0.389     6.935
INDEX A1A2AA1A2
    2.969     0.000     2.688
    2.635    -1.056     1.561
    1.512     0.000     1.366
    2.635     1.056     1.561
    1.405     0.000     2.916
INDEX A1AA21AA1(AA1)A2
    3.294     1.467     7.435
    2.394     0.520     6.691
    3.000     0.919     5.435
    1.975    -0.870     7.026
    0.943     0.222     6.855
    3.894     1.847     6.109
    4.283     3.174     5.557
    5.306     2.065     5.690
INDEX A1AAA2(A1)AA2
    8.563    12.254    -1.858
    7.269    12.528    -2.407
    7.439    11.899    -1.034
    7.172    10.440    -0.720
    6.951    10.357     0.803
    7.511    11.702     1.351
    7.237    12.726     0.232
INDEX A1AA=A2A(A1)AAA1=A2A=AA1
    2.811     5.394     3.733
    3.898     4.110     3.479
    4.095     3.427     2.177
    5.387     2.595     2.222
    5.500     1.785     3.549
    5.528     2.770     4.737
    6.424     2.677     5.734
    7.434     1.579     5.769
    7.054     0.416     4.844
    6.684     0.871     3.486
    4.546     3.808     4.654
    4.211     4.584     5.741
    3.310     5.466     5.381
INDEX a1aaa2a(a1)AA1=AAA=A21
   -1.584     6.292     1.099
   -2.255     5.105     1.389
   -1.634     4.093     2.155
   -0.331     4.244     2.652
    0.341     5.423     2.377
    1.750     5.855     2.779
    1.766     7.185     2.130
    2.565     8.281     1.914
    1.749     9.152     1.128
    0.482     8.555     0.881
    0.610     7.439     1.497
   -0.311     6.395     1.608
INDEX A1AA2A3A2A13
    3.651     0.442     1.046
    2.391    -0.442     1.046
    2.128    -0.628    -0.420
    2.593     0.613    -1.186
    3.449    -0.613    -1.186
    3.914     0.628    -0.420
INDEX A1A=A2AAAA3=AAA(=A23)A1
    1.036     1.715    -3.263
    0.806     2.796    -4.101
    1.060     3.955    -3.397
    0.946     5.408    -3.724
    1.847     6.247    -2.779
    1.796     5.779    -1.379
    1.847     4.418    -1.058
    2.208     3.881     0.126
    2.227     2.390     0.342
    1.829     1.472    -0.839
    1.473     3.548    -2.119
    1.462     2.186    -2.032
INDEX A1A2A3AA4A(AA23)A14
    4.713     3.279     6.984
    5.554     4.080     7.919
    6.395     3.279     8.854
    5.831     1.965     9.362
    4.474     1.564     8.891
    6.959     1.965     8.347
    6.634     1.564     6.948
    4.149     1.965     7.492
    5.277     1.965     6.477
INDEX A1=AA2A(=A1)A=Aa1aaaaa21
    7.891     3.893    10.866
    7.211     3.520    11.933
    5.866     3.653    11.658
    5.784     4.102    10.430
    4.597     4.404     9.679
    4.747     4.856     8.436
    5.994     5.030     7.880
    6.102     5.507     6.571
    7.362     5.690     5.989
    8.515     5.397     6.713
    8.447     4.921     8.017
    7.186     4.743     8.586
    7.020     4.270     9.890
INDEX a1aaa2a(a1)Aa1aaaaa21
   11.974     2.449    -1.254
   10.922     2.687    -0.427
   11.060     2.857     0.945
   12.289     2.797     1.587
   13.379     2.553     0.749
    9.850     3.080     1.525
    8.926     3.054     0.521
    7.555     3.240     0.685
    6.772     3.177    -0.473
    7.347     2.938    -1.724
    8.730     2.755    -1.859
    9.537     2.815    -0.708
   13.176     2.391    -0.625
INDEX A1AA2AAA1A2
    3.885     0.767     3.538
    3.933     1.149     5.052
    3.843    -0.335     5.509
    5.019    -1.008     4.767
    2.537    -0.851     4.858
    5.035    -0.278     3.406
    2.656    -0.138     3.526
INDEX a1aaa2a(a1)AA1=A2Aa2aaaaa12
    4.639     9.130     0.992
    3.409     7.941     0.746
    3.277     6.600     0.274
    4.170     5.631    -0.220
    3.669     4.382    -0.601
    2.309     4.098    -0.494
    1.407     5.050    -0.004
    1.918     6.298     0.374
    1.263     7.396     0.879
    2.177     8.396     1.105
    2.162     9.734     1.599
    1.101    10.546     2.062
    1.358    11.848     2.500
    2.652    12.352     2.483
    3.716    11.567     2.030
    3.461    10.253     1.587
INDEX a1aaa2aa3a(aa2a1)A1A2A3A12
    0.249     8.438     0.526
    0.563     8.784    -0.727
    1.590     8.178    -1.466
    1.565     8.890    -2.795
    0.133     9.327    -3.103
    1.098    10.331    -2.584
    2.360     7.192    -0.992
    2.063     6.823     0.273
    2.802     5.807     0.864
    2.543     5.380     2.168
    1.526     5.981     2.899
    0.772     7.004     2.324
   -0.010     9.820    -1.663
    1.012     7.443     1.029
INDEX A1A2A3AA4A5AA3A1A5A24
    0.702     4.436     3.452
   -0.302     3.574     4.244
    0.555     2.308     4.553
   -0.427     1.154     4.614
   -1.029     1.455     3.260
    0.211     1.494     2.318
    0.085     2.814     1.517
   -1.345     3.351     1.915
    1.298     2.111     3.207
   -1.465     2.948     3.371
    1.227     3.441     2.408
INDEX A1=AA=A2A=AA=AA2A1
    2.116     7.637     2.179
    2.870     8.507     1.613
    4.104     8.247     0.878
    4.407     6.943     0.836
    3.608     5.975     1.439
    4.013     4.606     1.341
    3.120     3.638     2.004
    2.036     4.111     2.623
    1.745     5.446     2.654
    2.509     6.349     2.079
INDEX A1AA2AA3AAA3A2A1
   -2.715    -1.235    -5.908
   -2.275    -0.122    -6.691
   -1.717     0.900    -5.849
   -2.002     0.482    -4.506
   -0.775     0.684    -3.644
   -0.033    -0.648    -3.783
    0.004    -0.610    -2.231
   -0.890    -1.601    -4.470
   -1.032     0.440    -2.236
   -2.196    -1.020    -4.609
INDEX a1aaa2a(a1)A=A1AAAAA21
    4.425     8.527    -1.418
    4.709     7.321    -1.834
    3.723     7.013    -2.735
    3.544     5.842    -3.487
    2.452     5.757    -4.359
    1.554     6.818    -4.482
    1.715     7.994    -3.740
    2.814     8.061    -2.872
    3.278     9.030    -1.999
    2.760    10.296    -1.732
    3.457    11.030    -0.614
    4.958    10.717    -0.529
    5.143     9.270    -0.548
