##############################################################################
#                                                                            #
#                   Open Babel file: isotope.txt                             #
#                                                                            #
#  Copyright (c) 2002-2004 by Geoffrey R. Hutchison                          #
#  Part of the Open Babel package, under the GNU General Public License (GPL)#
#                                                                            #
#  This file has a series of lines, one for each element                     #
#   (i.e. line 0 = neutron, line 1 = hydrogen, line 2 = helium, etc.)        #
#  Each line: Atomic #, 0 then exact mass of most abundant isotope           #
#     then a list of isotopes as int, float pairs corresponding to masses    #
#                                                                            #
#  CAUTION: Masses have been zero-padded to 9 decimal places                 #
#   (we don't currently have a math package that can deal with sig. fig.)    #
#   so trailing zeros may not be significant and/or useful                   #
#                                                                            #
#  Values are compiled from:                                                 #
#      "The Ame2003 atomic mass evaluation (II)"                             #
#        by G.Audi, A.H.Wapstra and C.Thibault                               #
#          Nuclear Physics A729 p. 337-676, December 22, 2003.               #
#  as made available in the mass.mas03round file                             #
#  (these are values for publication)                                        #
#                                                                            #
#  Currently: 110 lines (neutron, H to Mt)                                   #
#  (note that since element 0 often represents a dummy atom, the default     #
#   mass is 0 amu, *not* the mass of a neutron, accessible as isotope 1)     #
#                                                                            #
##############################################################################
0 0 0.000000000 1 1.008664915
1 0 1.007825032 1 1.007825032 2 2.014101778 3 3.016049278 4 4.027810000 5 5.035310000 6 6.044940000 7 7.052750000
2 0 4.002603254 3 3.016029319 4 4.002603254 5 5.012220000 6 6.018889100 7 7.028021000 8 8.033922000 9 9.043950000 10 10.052400000
3 0 7.016004550 3 3.030780000 4 4.027190000 5 5.012540000 6 6.015122795 7 7.016004550 8 8.022487360 9 9.026789500 10 10.035481000 11 11.043798000 12 12.053780000
4 0 9.012182200 5 5.040790000 6 6.019726000 7 7.016929830 8 8.005305100 9 9.012182200 10 10.013533800 11 11.021658000 12 12.026921000 13 13.035690000 14 14.042890000 15 15.053460000 16 16.061920000
5 0 11.009305400 6 6.046810000 7 7.029920000 8 8.024607200 9 9.013328800 10 10.012937000 11 11.009305400 12 12.014352100 13 13.017780200 14 14.025404000 15 15.031103000 16 16.039810000 17 17.046990000 18 18.056170000 19 19.063730000
6 0 12.000000000 8 8.037675000 9 9.031036700 10 10.016853200 11 11.011433600 12 12.000000000 13 13.003354838 14 14.003241989 15 15.010599300 16 16.014701000 17 17.022586000 18 18.026760000 19 19.034810000 20 20.040320000 21 21.049340000 22 22.057200000
7 0 14.003074005 10 10.041650000 11 11.026090000 12 12.018613200 13 13.005738610 14 14.003074005 15 15.000108898 16 16.006101700 17 17.008450000 18 18.014079000 19 19.017029000 20 20.023370000 21 21.027110000 22 22.034390000 23 23.041220000 24 24.051040000 25 25.060660000
8 0 15.994914620 12 12.034405000 13 13.024812000 14 14.008596250 15 15.003065600 16 15.994914620 17 16.999131700 18 17.999161000 19 19.003580000 20 20.004076700 21 21.008656000 22 22.009970000 23 23.015690000 24 24.020470000 25 25.029460000 26 26.038340000 27 27.048260000 28 28.057810000
9 0 18.998403220 14 14.035060000 15 15.018010000 16 16.011466000 17 17.002095240 18 18.000938000 19 18.998403220 20 19.999981320 21 20.999949000 22 22.002999000 23 23.003570000 24 24.008120000 25 25.012100000 26 26.019620000 27 27.026760000 28 28.035670000 29 29.043260000 30 30.052500000 31 31.060430000
10 0 19.992440175 16 16.025761000 17 17.017672000 18 18.005708200 19 19.001880200 20 19.992440175 21 20.993846680 22 21.991385114 23 22.994466900 24 23.993610800 25 24.997737000 26 26.000461000 27 27.007590000 28 28.012070000 29 29.019390000 30 30.024800000 31 31.033110000 32 32.040020000 33 33.049380000 34 34.057030000
11 0 22.989769281 18 18.025970000 19 19.013877000 20 20.007351000 21 20.997655200 22 21.994436400 23 22.989769281 24 23.990962780 25 24.989954000 26 25.992633000 27 26.994077000 28 27.998938000 29 29.002861000 30 30.008976000 31 31.013590000 32 32.020470000 33 33.026720000 34 34.035170000 35 35.042490000 36 36.051480000 37 37.059340000
12 0 23.985041700 19 19.035470000 20 20.018863000 21 21.011713000 22 21.999573800 23 22.994123700 24 23.985041700 25 24.985836920 26 25.982592929 27 26.984340590 28 27.983876800 29 28.988600000 30 29.990434000 31 30.996546000 32 31.998975000 33 33.005254000 34 34.009460000 35 35.017340000 36 36.023000000 37 37.031400000 38 38.037570000 39 39.046770000 40 40.053930000
13 0 26.981538630 21 21.028040000 22 22.019520000 23 23.007267000 24 23.999938900 25 24.990428100 26 25.986891690 27 26.981538630 28 27.981910310 29 28.980445000 30 29.982960000 31 30.983947000 32 31.988120000 33 32.990840000 34 33.996850000 35 34.999860000 36 36.006210000 37 37.010680000 38 38.017230000 39 39.022970000 40 40.031450000 41 41.038330000 42 42.046890000
14 0 27.976926532 22 22.034530000 23 23.025520000 24 24.011546000 25 25.004106000 26 25.992330000 27 26.986704910 28 27.976926532 29 28.976494700 30 29.973770170 31 30.975363230 32 31.974148080 33 32.978000000 34 33.978576000 35 34.984580000 36 35.986600000 37 36.992940000 38 37.995630000 39 39.002070000 40 40.005870000 41 41.014560000 42 42.019790000 43 43.028660000 44 44.035260000
15 0 30.973761630 24 24.034350000 25 25.020260000 26 26.011780000 27 26.999230000 28 27.992315000 29 28.981800600 30 29.978313800 31 30.973761630 32 31.973907270 33 32.971725500 34 33.973636000 35 34.973314100 36 35.978260000 37 36.979610000 38 37.984160000 39 38.986180000 40 39.991300000 41 40.994340000 42 42.001010000 43 43.006190000 44 44.012990000 45 45.019220000 46 46.027380000
16 0 31.972071000 26 26.027880000 27 27.018830000 28 28.004370000 29 28.996610000 30 29.984903000 31 30.979554700 32 31.972071000 33 32.971458760 34 33.967866900 35 34.969032160 36 35.967080760 37 36.971125570 38 37.971163000 39 38.975130000 40 39.975450000 41 40.979580000 42 41.981020000 43 42.987150000 44 43.990210000 45 44.996510000 46 46.000750000 47 47.008590000 48 48.014170000 49 49.023620000
17 0 34.968852680 28 28.028510000 29 29.014110000 30 30.004770000 31 30.992410000 32 31.985690000 33 32.977451900 34 33.973762820 35 34.968852680 36 35.968306980 37 36.965902590 38 37.968010430 39 38.968008200 40 39.970420000 41 40.970680000 42 41.973250000 43 42.974050000 44 43.978280000 45 44.980290000 46 45.984210000 47 46.988710000 48 47.994950000 49 49.000320000 50 50.007840000 51 51.014490000
18 0 39.962383123 30 30.021560000 31 31.012120000 32 31.997638000 33 32.989925700 34 33.980271200 35 34.975257600 36 35.967545106 37 36.966776320 38 37.962732400 39 38.964313000 40 39.962383123 41 40.964500600 42 41.963046000 43 42.965636000 44 43.964924000 45 44.968040000 46 45.968090000 47 46.972190000 48 47.974540000 49 48.980520000 50 49.984430000 51 50.991630000 52 51.996780000 53 53.004940000
19 0 38.963706680 32 32.021920000 33 33.007260000 34 33.998410000 35 34.988010000 36 35.981292000 37 36.973375890 38 37.969081200 39 38.963706680 40 39.963998480 41 40.961825760 42 41.962402810 43 42.960716000 44 43.961560000 45 44.960699000 46 45.961977000 47 46.961678000 48 47.965514000 49 48.967450000 50 49.972780000 51 50.976380000 52 51.982610000 53 52.987120000 54 53.994200000 55 54.999710000
20 0 39.962590980 34 34.014120000 35 35.004940000 36 35.993090000 37 36.985870000 38 37.976318000 39 38.970719700 40 39.962590980 41 40.962278060 42 41.958618010 43 42.958766600 44 43.955481800 45 44.956186600 46 45.953692600 47 46.954546000 48 47.952534000 49 48.955674000 50 49.957519000 51 50.961500000 52 51.965100000 53 52.970050000 54 53.974350000 55 54.980550000 56 55.985570000 57 56.992360000
21 0 44.955911900 36 36.014920000 37 37.003050000 38 37.994700000 39 38.984790000 40 39.977967000 41 40.969251130 42 41.965516430 43 42.961150700 44 43.959402800 45 44.955911900 46 45.955171900 47 46.952407500 48 47.952231000 49 48.950024000 50 49.952188000 51 50.953603000 52 51.956680000 53 52.959610000 54 53.963260000 55 54.968240000 56 55.972870000 57 56.977790000 58 57.983710000 59 58.989220000 60 59.995710000
22 0 47.947946300 38 38.009770000 39 39.001610000 40 39.990500000 41 40.983150000 42 41.973031000 43 42.968522000 44 43.959690100 45 44.958125600 46 45.952631600 47 46.951763100 48 47.947946300 49 48.947870000 50 49.944791200 51 50.946615000 52 51.946897000 53 52.949730000 54 53.951050000 55 54.955270000 56 55.958200000 57 56.963990000 58 57.966970000 59 58.972930000 60 59.976760000 61 60.983200000 62 61.987490000 63 62.994420000
23 0 50.943959500 40 40.011090000 41 40.999780000 42 41.991230000 43 42.980650000 44 43.974110000 45 44.965776000 46 45.960200500 47 46.954908900 48 47.952253700 49 48.948516100 50 49.947158500 51 50.943959500 52 51.944775500 53 52.944338000 54 53.946440000 55 54.947230000 56 55.950530000 57 56.952560000 58 57.956830000 59 58.960210000 60 59.965030000 61 60.968480000 62 61.973780000 63 62.977550000 64 63.983470000 65 64.987920000
24 0 51.940507500 42 42.006430000 43 42.997710000 44 43.985550000 45 44.979640000 46 45.968359000 47 46.962900000 48 47.954032000 49 48.951335700 50 49.946044200 51 50.944767400 52 51.940507500 53 52.940649400 54 53.938880400 55 54.940839700 56 55.940653100 57 56.943613000 58 57.944350000 59 58.948590000 60 59.950080000 61 60.954720000 62 61.956610000 63 62.961860000 64 63.964410000 65 64.970160000 66 65.973380000 67 66.979550000
25 0 54.938045100 44 44.006870000 45 44.994510000 46 45.986720000 47 46.976100000 48 47.968520000 49 48.959618000 50 49.954238200 51 50.948210800 52 51.945565500 53 52.941290100 54 53.940358900 55 54.938045100 56 55.938904900 57 56.938285400 58 57.939980000 59 58.940440000 60 59.942910000 61 60.944650000 62 61.948430000 63 62.950240000 64 63.954250000 65 64.956340000 66 65.961080000 67 66.964140000 68 67.969300000 69 68.972840000
26 0 55.934937500 45 45.014580000 46 46.000810000 47 46.992890000 48 47.980500000 49 48.973610000 50 49.962990000 51 50.956820000 52 51.948114000 53 52.945307900 54 53.939610500 55 54.938293400 56 55.934937500 57 56.935394000 58 57.933275600 59 58.934875500 60 59.934072000 61 60.936745000 62 61.936767000 63 62.940370000 64 63.941200000 65 64.945380000 66 65.946780000 67 66.950950000 68 67.953700000 69 68.958780000 70 69.961460000 71 70.966720000 72 71.969620000
27 0 58.933195000 47 47.011490000 48 48.001760000 49 48.989720000 50 49.981540000 51 50.970720000 52 51.963590000 53 52.954219000 54 53.948459600 55 54.941999000 56 55.939839300 57 56.936291400 58 57.935752800 59 58.933195000 60 59.933817100 61 60.932475800 62 61.934051000 63 62.933612000 64 63.935810000 65 64.936478000 66 65.939760000 67 66.940890000 68 67.944870000 69 68.946320000 70 69.951000000 71 70.952900000 72 71.957810000 73 72.960240000 74 73.965380000 75 74.968330000
28 0 57.935342900 48 48.019750000 49 49.009660000 50 49.995930000 51 50.987720000 52 51.975680000 53 52.968470000 54 53.957910000 55 54.951330000 56 55.942132000 57 56.939793500 58 57.935342900 59 58.934346700 60 59.930786400 61 60.931056000 62 61.928345100 63 62.929669400 64 63.927966000 65 64.930084300 66 65.929139300 67 66.931569000 68 67.931869000 69 68.935610000 70 69.936500000 71 70.940740000 72 71.942090000 73 72.946470000 74 73.948070000 75 74.952870000 76 75.955330000 77 76.960550000 78 77.963180000
29 0 62.929597500 52 51.997180000 53 52.985550000 54 53.976710000 55 54.966050000 56 55.958560000 57 56.949211000 58 57.944538500 59 58.939498000 60 59.937365000 61 60.933457800 62 61.932584000 63 62.929597500 64 63.929764200 65 64.927789500 66 65.928868800 67 66.927730300 68 67.929610900 69 68.929429300 70 69.932392300 71 70.932676800 72 71.935820300 73 72.936675000 74 73.939875000 75 74.941900000 76 75.945275000 77 76.947850000 78 77.951960000 79 78.954560000 80 79.960870000
30 0 63.929142000 54 53.992950000 55 54.983980000 56 55.972380000 57 56.964790000 58 57.954590000 59 58.949260000 60 59.941827000 61 60.939511000 62 61.934330000 63 62.933211000 64 63.929142000 65 64.929241000 66 65.926033000 67 66.927127000 68 67.924844000 69 68.926550000 70 69.925319000 71 70.927722000 72 71.926858000 73 72.929780000 74 73.929460000 75 74.932940000 76 75.933290000 77 76.936960000 78 77.938440000 79 78.942650000 80 79.944340000 81 80.950480000 82 81.954420000 83 82.961030000
31 0 68.925573000 56 55.994910000 57 56.982930000 58 57.974250000 59 58.963370000 60 59.957060000 61 60.949450000 62 61.944175000 63 62.939294000 64 63.936838000 65 64.932734000 66 65.931589000 67 66.928201000 68 67.927980000 69 68.925573000 70 69.926022000 71 70.924701000 72 71.926366000 73 72.925174000 74 73.926946000 75 74.926500000 76 75.928827000 77 76.929154000 78 77.931608000 79 78.932890000 80 79.936520000 81 80.937750000 82 81.942990000 83 82.946980000 84 83.952650000 85 84.957000000 86 85.963120000
32 0 73.921177000 58 57.991010000 59 58.981750000 60 59.970190000 61 60.963790000 62 61.954650000 63 62.949640000 64 63.941650000 65 64.939440000 66 65.933840000 67 66.932734000 68 67.928094000 69 68.927964000 70 69.924247000 71 70.924951000 72 71.922075000 73 72.923458000 74 73.921177000 75 74.922858000 76 75.921402000 77 76.923548000 78 77.922853000 79 78.925400000 80 79.925370000 81 80.928820000 82 81.929550000 83 82.934620000 84 83.937470000 85 84.943030000 86 85.946490000 87 86.952510000 88 87.956910000 89 88.963830000
33 0 74.921596000 60 59.993130000 61 60.980620000 62 61.973200000 63 62.963690000 64 63.957570000 65 64.949560000 66 65.944710000 67 66.939190000 68 67.936770000 69 68.932270000 70 69.930920000 71 70.927112000 72 71.926752000 73 72.923825000 74 73.923928000 75 74.921596000 76 75.922394000 77 76.920647000 78 77.921827000 79 78.920948000 80 79.922534000 81 80.922132000 82 81.924500000 83 82.924980000 84 83.929060000 85 84.932020000 86 85.936500000 87 86.939900000 88 87.944940000 89 88.949390000 90 89.955500000 91 90.960430000 92 91.966800000
34 0 79.916521000 65 64.964660000 66 65.955210000 67 66.950090000 68 67.941800000 69 68.939560000 70 69.933390000 71 70.932240000 72 71.927112000 73 72.926765000 74 73.922476000 75 74.922523000 76 75.919213000 77 76.919914000 78 77.917309000 79 78.918499000 80 79.916521000 81 80.917992000 82 81.916699000 83 82.919118000 84 83.918462000 85 84.922250000 86 85.924272000 87 86.928520000 88 87.931420000 89 88.936450000 90 89.939960000 91 90.945960000 92 91.949920000 93 92.956290000 94 93.960490000
35 0 78.918337000 67 66.964790000 68 67.958520000 69 68.950110000 70 69.944790000 71 70.938740000 72 71.936640000 73 72.931690000 74 73.929891000 75 74.925776000 76 75.924541000 77 76.921379000 78 77.921146000 79 78.918337000 80 79.918529000 81 80.916290000 82 81.916804000 83 82.915180000 84 83.916479000 85 84.915608000 86 85.918798000 87 86.920711000 88 87.924070000 89 88.926390000 90 89.930630000 91 90.933970000 92 91.939260000 93 92.943050000 94 93.948680000 95 94.952870000 96 95.958530000 97 96.962800000
36 0 83.911507000 69 68.965180000 70 69.955260000 71 70.949630000 72 71.942092000 73 72.939289000 74 73.933084000 75 74.930946000 76 75.925910000 77 76.924670000 78 77.920364000 79 78.920082000 80 79.916379000 81 80.916592000 82 81.913483000 83 82.914136000 84 83.911507000 85 84.912527000 86 85.910610000 87 86.913354000 88 87.914447000 89 88.917630000 90 89.919517000 91 90.923450000 92 91.926156000 93 92.931270000 94 93.934360000 95 94.939840000 96 95.943070000 97 96.948560000 98 97.951910000 99 98.957600000 100 99.961140000
37 0 84.911789000 71 70.965320000 72 71.959080000 73 72.950560000 74 73.944265000 75 74.938570000 76 75.935072000 77 76.930408000 78 77.928141000 79 78.923989000 80 79.922519000 81 80.918996000 82 81.918208000 83 82.915110000 84 83.914385000 85 84.911789000 86 85.911167000 87 86.909180000 88 87.911315000 89 88.912278000 90 89.914802000 91 90.916537000 92 91.919729000 93 92.922042000 94 93.926405000 95 94.929303000 96 95.934270000 97 96.937350000 98 97.941790000 99 98.945380000 100 99.949870000 101 100.953200000 102 101.958870000
38 0 87.905612000 73 72.965970000 74 73.956310000 75 74.949950000 76 75.941770000 77 76.937945000 78 77.932180000 79 78.929708000 80 79.924521000 81 80.923212000 82 81.918402000 83 82.917557000 84 83.913425000 85 84.912933000 86 85.909260000 87 86.908877000 88 87.905612000 89 88.907450000 90 89.907738000 91 90.910203000 92 91.911038000 93 92.914026000 94 93.915361000 95 94.919359000 96 95.921697000 97 96.926153000 98 97.928453000 99 98.933240000 100 99.935350000 101 100.940520000 102 101.943020000 103 102.948950000 104 103.952330000 105 104.958580000
39 0 88.905848000 76 75.958450000 77 76.949650000 78 77.943610000 79 78.937350000 80 79.934280000 81 80.929130000 82 81.926790000 83 82.922350000 84 83.920390000 85 84.916433000 86 85.914886000 87 86.910875000 88 87.909501000 89 88.905848000 90 89.907151000 91 90.907305000 92 91.908949000 93 92.909583000 94 93.911595000 95 94.912821000 96 95.915891000 97 96.918134000 98 97.922203000 99 98.924636000 100 99.927760000 101 100.930310000 102 101.933560000 103 102.936730000 104 103.941050000 105 104.944870000 106 105.949790000 107 106.954140000 108 107.959480000
40 0 89.904704000 78 77.955230000 79 78.949160000 80 79.940400000 81 80.937210000 82 81.931090000 83 82.928650000 84 83.923250000 85 84.921470000 86 85.916470000 87 86.914816000 88 87.910227000 89 88.908890000 90 89.904704000 91 90.905645000 92 91.905040000 93 92.906476000 94 93.906315000 95 94.908042000 96 95.908273000 97 96.910953000 98 97.912735000 99 98.916512000 100 99.917760000 101 100.921140000 102 101.922980000 103 102.926600000 104 103.928780000 105 104.933050000 106 105.935910000 107 106.940750000 108 107.943960000 109 108.949240000 110 109.952870000
41 0 92.906378000 81 80.949030000 82 81.943130000 83 82.936710000 84 83.933570000 85 84.927910000 86 85.925040000 87 86.920360000 88 87.918330000 89 88.913418000 90 89.911265000 91 90.906996000 92 91.907194000 93 92.906378000 94 93.907283000 95 94.906835000 96 95.908101000 97 96.908098000 98 97.910328000 99 98.911618000 100 99.914182000 101 100.915252000 102 101.918040000 103 102.919140000 104 103.922460000 105 104.923940000 106 105.927970000 107 106.930310000 108 107.934840000 109 108.937630000 110 109.942440000 111 110.945650000 112 111.950830000 113 112.954700000
42 0 97.905408000 83 82.948740000 84 83.940090000 85 84.936550000 86 85.930700000 87 86.927330000 88 87.921953000 89 88.919480000 90 89.913937000 91 90.911750000 92 91.906811000 93 92.906813000 94 93.905088000 95 94.905842000 96 95.904679000 97 96.906021000 98 97.905408000 99 98.907711000 100 99.907477000 101 100.910347000 102 101.910297000 103 102.913210000 104 103.913760000 105 104.916970000 106 105.918137000 107 106.921690000 108 107.923450000 109 108.927810000 110 109.929730000 111 110.934410000 112 111.936840000 113 112.941880000 114 113.944920000 115 114.950290000
43 0 97.907216000 85 84.948830000 86 85.942880000 87 86.936530000 88 87.932680000 89 88.927170000 90 89.923560000 91 90.918430000 92 91.915260000 93 92.910249000 94 93.909657000 95 94.907657000 96 95.907871000 97 96.906365000 98 97.907216000 99 98.906254000 100 99.907657000 101 100.907315000 102 101.909215000 103 102.909181000 104 103.911450000 105 104.911660000 106 105.914358000 107 106.915080000 108 107.918460000 109 108.919980000 110 109.923820000 111 110.925690000 112 111.929150000 113 112.931590000 114 113.935880000 115 114.938690000 116 115.943370000 117 116.946480000 118 117.951480000
44 0 101.904349000 87 86.949180000 88 87.940260000 89 88.936110000 90 89.929890000 91 90.926290000 92 91.920120000 93 92.917050000 94 93.911360000 95 94.910413000 96 95.907598000 97 96.907555000 98 97.905287000 99 98.905939000 100 99.904219000 101 100.905582000 102 101.904349000 103 102.906323000 104 103.905433000 105 104.907753000 106 105.907329000 107 106.909910000 108 107.910170000 109 108.913200000 110 109.914140000 111 110.917700000 112 111.918970000 113 112.922490000 114 113.924280000 115 114.928690000 116 115.930810000 117 116.935580000 118 117.937820000 119 118.942840000 120 119.945310000
45 0 102.905504000 89 88.948840000 90 89.942870000 91 90.936550000 92 91.931980000 93 92.925740000 94 93.921700000 95 94.915900000 96 95.914461000 97 96.911340000 98 97.910708000 99 98.908132000 100 99.908122000 101 100.906164000 102 101.906843000 103 102.905504000 104 103.906656000 105 104.905694000 106 105.907287000 107 106.906748000 108 107.908730000 109 108.908737000 110 109.911140000 111 110.911590000 112 111.914390000 113 112.915530000 114 113.918810000 115 114.920330000 116 115.924060000 117 116.925980000 118 117.930070000 119 118.932110000 120 119.936410000 121 120.938720000 122 121.943210000
46 0 105.903486000 91 90.949110000 92 91.940420000 93 92.935910000 94 93.928770000 95 94.924690000 96 95.918160000 97 96.916480000 98 97.912721000 99 98.911768000 100 99.908506000 101 100.908289000 102 101.905609000 103 102.906087000 104 103.904036000 105 104.905085000 106 105.903486000 107 106.905133000 108 107.903892000 109 108.905950000 110 109.905153000 111 110.907671000 112 111.907314000 113 112.910150000 114 113.910363000 115 114.913680000 116 115.914160000 117 116.917840000 118 117.918980000 119 118.923110000 120 119.924690000 121 120.928870000 122 121.930550000 123 122.934930000 124 123.936880000
47 0 106.905097000 93 92.949780000 94 93.942780000 95 94.935480000 96 95.930680000 97 96.923970000 98 97.921570000 99 98.917600000 100 99.916100000 101 100.912800000 102 101.911690000 103 102.908973000 104 103.908629000 105 104.906529000 106 105.906669000 107 106.905097000 108 107.905956000 109 108.904752000 110 109.906107000 111 110.905291000 112 111.907005000 113 112.906567000 114 113.908804000 115 114.908760000 116 115.911360000 117 116.911680000 118 117.914580000 119 118.915670000 120 119.918790000 121 120.919850000 122 121.923530000 123 122.924900000 124 123.928640000 125 124.930430000 126 125.934500000 127 126.936770000 128 127.941170000 129 128.943690000 130 129.950450000
48 0 113.903358000 95 94.949870000 96 95.939770000 97 96.934940000 98 97.927400000 99 98.925010000 100 99.920290000 101 100.918680000 102 101.914460000 103 102.913419000 104 103.909849000 105 104.909468000 106 105.906459000 107 106.906618000 108 107.904184000 109 108.904982000 110 109.903002000 111 110.904178000 112 111.902757000 113 112.904401000 114 113.903358000 115 114.905431000 116 115.904756000 117 116.907219000 118 117.906915000 119 118.909920000 120 119.909850000 121 120.912980000 122 121.913330000 123 122.917000000 124 123.917650000 125 124.921250000 126 125.922350000 127 126.926440000 128 127.927760000 129 128.932150000 130 129.933900000 131 130.940670000 132 131.945550000
49 0 114.903878000 97 96.949540000 98 97.942140000 99 98.934220000 100 99.931110000 101 100.926340000 102 101.924090000 103 102.919914000 104 103.918300000 105 104.914674000 106 105.913465000 107 106.910295000 108 107.909698000 109 108.907151000 110 109.907165000 111 110.905103000 112 111.905532000 113 112.904058000 114 113.904914000 115 114.903878000 116 115.905260000 117 116.904514000 118 117.906354000 119 118.905845000 120 119.907960000 121 120.907846000 122 121.910280000 123 122.910438000 124 123.913180000 125 124.913600000 126 125.916460000 127 126.917350000 128 127.920170000 129 128.921700000 130 129.924970000 131 130.926850000 132 131.932990000 133 132.937810000 134 133.944150000 135 134.949330000
50 0 119.902194000 99 98.949330000 100 99.939040000 101 100.936060000 102 101.930300000 103 102.928100000 104 103.923140000 105 104.921350000 106 105.916880000 107 106.915640000 108 107.911925000 109 108.911283000 110 109.907843000 111 110.907734000 112 111.904818000 113 112.905171000 114 113.902779000 115 114.903342000 116 115.901741000 117 116.902952000 118 117.901603000 119 118.903308000 120 119.902194000 121 120.904235000 122 121.903439000 123 122.905720000 124 123.905273000 125 124.907784000 126 125.907653000 127 126.910360000 128 127.910537000 129 128.913480000 130 129.913967000 131 130.917000000 132 131.917816000 133 132.923830000 134 133.928290000 135 134.934730000 136 135.939340000 137 136.945990000
51 0 120.903815000 103 102.939690000 104 103.936470000 105 104.931490000 106 105.928790000 107 106.924150000 108 107.922160000 109 108.918132000 110 109.916750000 111 110.913160000 112 111.912398000 113 112.909372000 114 113.909270000 115 114.906598000 116 115.906794000 117 116.904836000 118 117.905529000 119 118.903942000 120 119.905072000 121 120.903815000 122 121.905173000 123 122.904214000 124 123.905935000 125 124.905253000 126 125.907250000 127 126.906924000 128 127.909169000 129 128.909148000 130 129.911656000 131 130.911982000 132 131.914467000 133 132.915252000 134 133.920380000 135 134.925170000 136 135.930350000 137 136.935310000 138 137.940790000 139 138.945980000
52 0 129.906224000 105 104.943640000 106 105.937500000 107 106.935010000 108 107.929440000 109 108.927420000 110 109.922410000 111 110.921110000 112 111.917010000 113 112.915890000 114 113.912090000 115 114.911900000 116 115.908460000 117 116.908645000 118 117.905828000 119 118.906404000 120 119.904020000 121 120.904936000 122 121.903043000 123 122.904270000 124 123.902817000 125 124.904430000 126 125.903311000 127 126.905226000 128 127.904463000 129 128.906598000 130 129.906224000 131 130.908523000 132 131.908553000 133 132.910955000 134 133.911369000 135 134.916450000 136 135.920100000 137 136.925320000 138 137.929220000 139 138.934730000 140 139.938850000 141 140.944650000 142 141.949080000
53 0 126.904473000 108 107.943480000 109 108.938150000 110 109.935240000 111 110.930280000 112 111.927970000 113 112.923640000 114 113.921850000 115 114.918050000 116 115.916810000 117 116.913650000 118 117.913074000 119 118.910070000 120 119.910048000 121 120.907367000 122 121.907589000 123 122.905589000 124 123.906209000 125 124.904630000 126 125.905624000 127 126.904473000 128 127.905809000 129 128.904988000 130 129.906674000 131 130.906124000 132 131.907997000 133 132.907797000 134 133.909744000 135 134.910048000 136 135.914650000 137 136.917871000 138 137.922350000 139 138.926100000 140 139.931000000 141 140.935030000 142 141.940180000 143 142.944560000 144 143.949990000
54 0 131.904153000 110 109.944280000 111 110.941600000 112 111.935620000 113 112.933340000 114 113.927980000 115 114.926294000 116 115.921581000 117 116.920359000 118 117.916179000 119 118.915411000 120 119.911784000 121 120.911462000 122 121.908368000 123 122.908482000 124 123.905893000 125 124.906395000 126 125.904274000 127 126.905184000 128 127.903531000 129 128.904779000 130 129.903508000 131 130.905082000 132 131.904153000 133 132.905910000 134 133.905394000 135 134.907227000 136 135.907219000 137 136.911562000 138 137.913950000 139 138.918793000 140 139.921640000 141 140.926650000 142 141.929710000 143 142.935110000 144 143.938510000 145 144.944070000 146 145.947750000 147 146.953560000
55 0 132.905451000 112 111.950300000 113 112.944490000 114 113.941450000 115 114.935910000 116 115.933370000 117 116.928670000 118 117.926559000 119 118.922377000 120 119.920677000 121 120.917229000 122 121.916110000 123 122.912996000 124 123.912258000 125 124.909728000 126 125.909452000 127 126.907418000 128 127.907749000 129 128.906064000 130 129.906709000 131 130.905464000 132 131.906434000 133 132.905451000 134 133.906718000 135 134.905977000 136 135.907311000 137 136.907089000 138 137.911017000 139 138.913364000 140 139.917282000 141 140.920046000 142 141.924299000 143 142.927352000 144 143.932077000 145 144.935526000 146 145.940290000 147 146.944160000 148 147.949220000 149 148.952930000 150 149.958170000 151 150.962190000
56 0 137.905247000 114 113.950680000 115 114.947370000 116 115.941380000 117 116.938500000 118 117.933040000 119 118.930660000 120 119.926040000 121 120.924050000 122 121.919900000 123 122.918781000 124 123.915094000 125 124.914473000 126 125.911250000 127 126.911094000 128 127.908318000 129 128.908679000 130 129.906320000 131 130.906941000 132 131.905061000 133 132.906007000 134 133.904508000 135 134.905688000 136 135.904575000 137 136.905827000 138 137.905247000 139 138.908841000 140 139.910605000 141 140.914411000 142 141.916453000 143 142.920627000 144 143.922953000 145 144.927630000 146 145.930220000 147 146.934950000 148 147.937720000 149 148.942580000 150 149.945680000 151 150.950810000 152 151.954270000 153 152.959610000
57 0 138.906353000 117 116.950070000 118 117.946730000 119 118.940990000 120 119.938070000 121 120.933010000 122 121.930710000 123 122.926240000 124 123.924570000 125 124.920816000 126 125.919510000 127 126.916375000 128 127.915590000 129 128.912693000 130 129.912369000 131 130.910070000 132 131.910100000 133 132.908220000 134 133.908514000 135 134.906977000 136 135.907640000 137 136.906494000 138 137.907112000 139 138.906353000 140 139.909477000 141 140.910962000 142 141.914079000 143 142.916063000 144 143.919600000 145 144.921650000 146 145.925790000 147 146.928240000 148 147.932230000 149 148.934730000 150 149.938770000 151 150.941720000 152 151.946250000 153 152.949620000 154 153.954500000 155 154.958350000
58 0 139.905438000 119 118.952760000 120 119.946640000 121 120.943420000 122 121.937910000 123 122.935400000 124 123.930410000 125 124.928440000 126 125.923970000 127 126.922730000 128 127.918910000 129 128.918100000 130 129.914740000 131 130.914420000 132 131.911460000 133 132.911515000 134 133.908925000 135 134.909151000 136 135.907172000 137 136.907806000 138 137.905991000 139 138.906653000 140 139.905438000 141 140.908276000 142 141.909244000 143 142.912386000 144 143.913647000 145 144.917230000 146 145.918760000 147 146.922670000 148 147.924430000 149 148.928400000 150 149.930410000 151 150.933980000 152 151.936540000 153 152.940580000 154 153.943420000 155 154.948040000 156 155.951260000 157 156.956340000
59 0 140.907652000 121 120.955360000 122 121.951810000 123 122.945960000 124 123.942960000 125 124.937830000 126 125.935310000 127 126.930830000 128 127.928790000 129 128.925100000 130 129.923590000 131 130.920260000 132 131.919260000 133 132.916331000 134 133.915710000 135 134.913112000 136 135.912692000 137 136.910705000 138 137.910755000 139 138.908938000 140 139.909076000 141 140.907652000 142 141.910044000 143 142.910816000 144 143.913305000 145 144.914512000 146 145.917640000 147 146.918996000 148 147.922135000 149 148.923720000 150 149.926673000 151 150.928319000 152 151.931500000 153 152.933840000 154 153.937520000 155 154.940120000 156 155.944270000 157 156.947430000 158 157.951980000 159 158.955500000
60 0 141.907723000 124 123.952230000 125 124.948880000 126 125.943220000 127 126.940500000 128 127.935390000 129 128.933190000 130 129.928510000 131 130.927250000 132 131.923321000 133 132.922350000 134 133.918790000 135 134.918181000 136 135.914976000 137 136.914567000 138 137.911950000 139 138.911978000 140 139.909550000 141 140.909610000 142 141.907723000 143 142.909814000 144 143.910087000 145 144.912573000 146 145.913116000 147 146.916100000 148 147.916893000 149 148.920149000 150 149.920891000 151 150.923829000 152 151.924682000 153 152.927698000 154 153.929480000 155 154.932930000 156 155.935020000 157 156.939030000 158 157.941600000 159 158.946090000 160 159.949090000 161 160.953880000
61 0 144.912749000 126 125.957520000 127 126.951630000 128 127.948420000 129 128.943160000 130 129.940450000 131 130.935870000 132 131.933750000 133 132.929780000 134 133.928350000 135 134.924880000 136 135.923570000 137 136.920479000 138 137.919548000 139 138.916804000 140 139.916040000 141 140.913555000 142 141.912874000 143 142.910933000 144 143.912591000 145 144.912749000 146 145.914696000 147 146.915138000 148 147.917475000 149 148.918334000 150 149.920984000 151 150.921207000 152 151.923497000 153 152.924117000 154 153.926460000 155 154.928100000 156 155.931060000 157 156.933040000 158 157.936560000 159 158.938970000 160 159.942990000 161 160.945860000 162 161.950290000 163 162.953680000
62 0 151.919732000 128 127.958080000 129 128.954640000 130 129.948920000 131 130.946110000 132 131.940690000 133 132.938670000 134 133.933970000 135 134.932520000 136 135.928276000 137 136.926970000 138 137.923244000 139 138.922297000 140 139.918995000 141 140.918476000 142 141.915198000 143 142.914628000 144 143.911999000 145 144.913410000 146 145.913041000 147 146.914897000 148 147.914822000 149 148.917184000 150 149.917275000 151 150.919932000 152 151.919732000 153 152.922097000 154 153.922209000 155 154.924640000 156 155.925528000 157 156.928360000 158 157.929990000 159 158.933210000 160 159.935140000 161 160.938830000 162 161.941220000 163 162.945360000 164 163.948280000 165 164.952980000
63 0 152.921230000 130 129.963570000 131 130.957750000 132 131.954370000 133 132.949240000 134 133.946510000 135 134.941820000 136 135.939600000 137 136.935570000 138 137.933710000 139 138.929792000 140 139.928090000 141 140.924931000 142 141.923430000 143 142.920298000 144 143.918817000 145 144.916265000 146 145.917206000 147 146.916746000 148 147.918086000 149 148.917931000 150 149.919702000 151 150.919850000 152 151.921744000 153 152.921230000 154 153.922979000 155 154.922893000 156 155.924752000 157 156.925424000 158 157.927850000 159 158.929089000 160 159.931970000 161 160.933680000 162 161.937040000 163 162.939210000 164 163.942990000 165 164.945720000 166 165.949970000 167 166.953210000
64 0 157.924103000 134 133.955370000 135 134.952570000 136 135.947340000 137 136.945020000 138 137.940120000 139 138.938240000 140 139.933670000 141 140.932126000 142 141.928120000 143 142.926750000 144 143.922960000 145 144.921709000 146 145.918311000 147 146.919094000 148 147.918115000 149 148.919341000 150 149.918659000 151 150.920348000 152 151.919791000 153 152.921749000 154 153.920865000 155 154.922622000 156 155.922122000 157 156.923960000 158 157.924103000 159 158.926388000 160 159.927054000 161 160.929669000 162 161.930985000 163 162.933990000 164 163.935860000 165 164.939380000 166 165.941600000 167 166.945570000 168 167.948360000 169 168.952870000
65 0 158.925346000 136 135.961380000 137 136.955980000 138 137.953160000 139 138.948290000 140 139.945810000 141 140.941450000 142 141.938740000 143 142.935120000 144 143.933050000 145 144.929270000 146 145.927250000 147 146.924045000 148 147.924272000 149 148.923246000 150 149.923660000 151 150.923103000 152 151.924070000 153 152.923435000 154 153.924680000 155 154.923505000 156 155.924747000 157 156.924024000 158 157.925413000 159 158.925346000 160 159.927167000 161 160.927569000 162 161.929490000 163 162.930648000 164 163.933350000 165 164.934880000 166 165.937990000 167 166.940050000 168 167.943640000 169 168.946220000 170 169.950250000 171 170.953300000
66 0 163.929174000 138 137.962490000 139 138.959540000 140 139.954010000 141 140.951350000 142 141.946370000 143 142.943830000 144 143.939250000 145 144.937430000 146 145.932845000 147 146.931092000 148 147.927150000 149 148.927305000 150 149.925585000 151 150.926185000 152 151.924718000 153 152.925765000 154 153.924424000 155 154.925754000 156 155.924283000 157 156.925466000 158 157.924409000 159 158.925739000 160 159.925197000 161 160.926933000 162 161.926798000 163 162.928731000 164 163.929174000 165 164.931703000 166 165.932806000 167 166.935660000 168 167.937130000 169 168.940310000 170 169.942390000 171 170.946200000 172 171.948760000 173 172.953000000
67 0 164.930322000 140 139.968540000 141 140.963100000 142 141.959770000 143 142.954610000 144 143.951480000 145 144.947200000 146 145.944640000 147 146.940060000 148 147.937720000 149 148.933775000 150 149.933496000 151 150.931688000 152 151.931714000 153 152.930199000 154 153.930602000 155 154.929103000 156 155.929840000 157 156.928256000 158 157.928941000 159 158.927712000 160 159.928729000 161 160.927855000 162 161.929096000 163 162.928733000 164 163.930233000 165 164.930322000 166 165.932284000 167 166.933133000 168 167.935520000 169 168.936872000 170 169.939620000 171 170.941470000 172 171.944820000 173 172.947290000 174 173.951150000 175 174.954050000
68 0 165.930293000 143 142.966340000 144 143.960380000 145 144.957390000 146 145.952000000 147 146.949490000 148 147.944550000 149 148.942310000 150 149.937914000 151 150.937449000 152 151.935050000 153 152.935063000 154 153.932783000 155 154.933209000 156 155.931065000 157 156.931920000 158 157.929893000 159 158.930684000 160 159.929083000 161 160.929995000 162 161.928778000 163 162.930033000 164 163.929200000 165 164.930726000 166 165.930293000 167 166.932048000 168 167.932370000 169 168.934590000 170 169.935464000 171 170.938029000 172 171.939356000 173 172.942400000 174 173.944230000 175 174.947770000 176 175.950080000 177 176.954050000
69 0 168.934213000 145 144.970070000 146 145.966430000 147 146.960960000 148 147.957840000 149 148.952720000 150 149.949960000 151 150.945483000 152 151.944420000 153 152.942012000 154 153.941568000 155 154.939199000 156 155.938980000 157 156.936970000 158 157.936980000 159 158.934980000 160 159.935260000 161 160.933550000 162 161.933995000 163 162.932651000 164 163.933560000 165 164.932435000 166 165.933554000 167 166.932851000 168 167.934173000 169 168.934213000 170 169.935801000 171 170.936429000 172 171.938400000 173 172.939604000 174 173.942170000 175 174.943840000 176 175.946990000 177 176.949040000 178 177.952640000 179 178.955340000
70 0 173.938862000 148 147.967420000 149 148.964040000 150 149.958420000 151 150.955400000 152 151.950290000 153 152.949480000 154 153.946394000 155 154.945782000 156 155.942818000 157 156.942628000 158 157.939866000 159 158.940050000 160 159.937552000 161 160.937902000 162 161.935768000 163 162.936334000 164 163.934489000 165 164.935280000 166 165.933882000 167 166.934950000 168 167.933897000 169 168.935190000 170 169.934761000 171 170.936325000 172 171.936381000 173 172.938210000 174 173.938862000 175 174.941276000 176 175.942571000 177 176.945260000 178 177.946647000 179 178.950170000 180 179.952330000 181 180.956150000
71 0 174.940771000 150 149.973230000 151 150.967580000 152 151.964120000 153 152.958770000 154 153.957520000 155 154.954316000 156 155.953030000 157 156.950098000 158 157.949313000 159 158.946630000 160 159.946030000 161 160.943570000 162 161.943280000 163 162.941180000 164 163.941340000 165 164.939407000 166 165.939860000 167 166.938270000 168 167.938740000 169 168.937651000 170 169.938475000 171 170.937913000 172 171.939086000 173 172.938930000 174 173.940337000 175 174.940771000 176 175.942686000 177 176.943758000 178 177.945955000 179 178.947327000 180 179.949880000 181 180.951970000 182 181.955040000 183 182.957570000 184 183.960910000
72 0 179.946550000 153 152.970690000 154 153.964860000 155 154.963390000 156 155.959360000 157 156.958400000 158 157.954799000 159 158.953995000 160 159.950684000 161 160.950275000 162 161.947210000 163 162.947090000 164 163.944367000 165 164.944570000 166 165.942180000 167 166.942600000 168 167.940570000 169 168.941260000 170 169.939610000 171 170.940490000 172 171.939448000 173 172.940510000 174 173.940046000 175 174.941509000 176 175.941408000 177 176.943220000 178 177.943698000 179 178.945816000 180 179.946550000 181 180.949101000 182 181.950554000 183 182.953530000 184 183.955450000 185 184.958820000 186 185.960890000 187 186.964590000 188 187.966850000
73 0 180.947995000 155 154.974590000 156 155.972300000 157 156.968190000 158 157.966700000 159 158.963018000 160 159.961490000 161 160.958420000 162 161.957290000 163 162.954330000 164 163.953530000 165 164.950773000 166 165.950510000 167 166.948090000 168 167.948050000 169 168.946010000 170 169.946180000 171 170.944480000 172 171.944900000 173 172.943750000 174 173.944450000 175 174.943740000 176 175.944860000 177 176.944472000 178 177.945778000 179 178.945929000 180 179.947464000 181 180.947995000 182 181.950151000 183 182.951372000 184 183.954008000 185 184.955559000 186 185.958550000 187 186.960530000 188 187.963700000 189 188.965830000 190 189.969230000
74 0 183.950931000 158 157.974560000 159 158.972920000 160 159.968480000 161 160.967360000 162 161.963497000 163 162.962520000 164 163.958954000 165 164.958280000 166 165.955027000 167 166.954816000 168 167.951808000 169 168.951779000 170 169.949228000 171 170.949450000 172 171.947290000 173 172.947690000 174 173.946080000 175 174.946720000 176 175.945630000 177 176.946640000 178 177.945876000 179 178.947070000 180 179.946704000 181 180.948197000 182 181.948204000 183 182.950223000 184 183.950931000 185 184.953419000 186 185.954364000 187 186.957160000 188 187.958489000 189 188.961910000 190 189.963180000 191 190.966600000 192 191.968170000
75 0 186.955753000 160 159.982120000 161 160.977590000 162 161.976000000 163 162.972081000 164 163.970320000 165 164.967089000 166 165.965810000 167 166.962600000 168 167.961570000 169 168.958790000 170 169.958220000 171 170.955720000 172 171.955420000 173 172.953240000 174 173.953120000 175 174.951380000 176 175.951620000 177 176.950330000 178 177.950990000 179 178.949988000 180 179.950789000 181 180.950068000 182 181.951210000 183 182.950820000 184 183.952521000 185 184.952955000 186 185.954986000 187 186.955753000 188 187.958114000 189 188.959229000 190 189.961820000 191 190.963125000 192 191.965960000 193 192.967470000 194 193.970420000
76 0 191.961480000 162 161.984430000 163 162.982690000 164 163.978040000 165 164.976760000 166 165.972691000 167 166.971550000 168 167.967804000 169 168.967019000 170 169.963577000 171 170.963185000 172 171.960023000 173 172.959808000 174 173.957062000 175 174.956946000 176 175.954810000 177 176.954965000 178 177.953251000 179 178.953816000 180 179.952379000 181 180.953240000 182 181.952110000 183 182.953130000 184 183.952489000 185 184.954042000 186 185.953838000 187 186.955750000 188 187.955838000 189 188.958147000 190 189.958447000 191 190.960929000 192 191.961480000 193 192.964151000 194 193.965182000 195 194.968130000 196 195.969640000
77 0 192.962926000 164 163.992200000 165 164.987520000 166 165.985820000 167 166.981665000 168 167.979880000 169 168.976295000 170 169.974970000 171 170.971630000 172 171.970460000 173 172.967502000 174 173.966861000 175 174.964113000 176 175.963649000 177 176.961302000 178 177.961082000 179 178.959122000 180 179.959229000 181 180.957625000 182 181.958076000 183 182.956846000 184 183.957480000 185 184.956700000 186 185.957946000 187 186.957363000 188 187.958853000 189 188.958719000 190 189.960546000 191 190.960594000 192 191.962605000 193 192.962926000 194 193.965078000 195 194.965979000 196 195.968400000 197 196.969653000 198 197.972280000 199 198.973800000
78 0 194.964791000 166 165.994860000 167 166.992980000 168 167.988150000 169 168.986720000 170 169.982495000 171 170.981240000 172 171.977347000 173 172.976440000 174 173.972819000 175 174.972421000 176 175.968945000 177 176.968469000 178 177.965649000 179 178.965363000 180 179.963031000 181 180.963097000 182 181.961171000 183 182.961597000 184 183.959922000 185 184.960620000 186 185.959351000 187 186.960590000 188 187.959395000 189 188.960834000 190 189.959932000 191 190.961677000 192 191.961038000 193 192.962987000 194 193.962680000 195 194.964791000 196 195.964951000 197 196.967340000 198 197.967893000 199 198.970593000 200 199.971441000 201 200.974510000 202 201.975740000
79 0 196.966568000 169 168.998080000 170 169.996120000 171 170.991879000 172 171.990040000 173 172.986237000 174 173.984760000 175 174.981270000 176 175.980100000 177 176.976865000 178 177.976030000 179 178.973213000 180 179.972521000 181 180.970079000 182 181.969618000 183 182.967593000 184 183.967452000 185 184.965789000 186 185.965953000 187 186.964568000 188 187.965324000 189 188.963948000 190 189.964700000 191 190.963700000 192 191.964813000 193 192.964150000 194 193.965365000 195 194.965034000 196 195.966570000 197 196.966568000 198 197.968242000 199 198.968765000 200 199.970730000 201 200.971657000 202 201.973810000 203 202.975155000 204 203.977720000 205 204.979870000
80 0 201.970643000 171 171.003760000 172 171.998830000 173 172.997240000 174 173.992864000 175 174.991420000 176 175.987355000 177 176.986280000 178 177.982483000 179 178.981834000 180 179.978266000 181 180.977819000 182 181.974690000 183 182.974450000 184 183.971713000 185 184.971899000 186 185.969362000 187 186.969814000 188 187.967577000 189 188.968190000 190 189.966322000 191 190.967157000 192 191.965634000 193 192.966665000 194 193.965439000 195 194.966720000 196 195.965833000 197 196.967213000 198 197.966769000 199 198.968279000 200 199.968326000 201 200.970302000 202 201.970643000 203 202.972872000 204 203.973493000 205 204.976073000 206 205.977514000 207 206.982590000 208 207.985940000 209 208.991040000 210 209.994510000
81 0 204.974427000 176 176.000590000 177 176.996427000 178 177.994900000 179 178.991090000 180 179.989910000 181 180.986257000 182 181.985670000 183 182.982193000 184 183.981870000 185 184.978790000 186 185.978330000 187 186.975906000 188 187.976010000 189 188.973588000 190 189.973880000 191 190.971786000 192 191.972230000 193 192.970670000 194 193.971200000 195 194.969774000 196 195.970481000 197 196.969575000 198 197.970480000 199 198.969880000 200 199.970963000 201 200.970819000 202 201.972106000 203 202.972344000 204 203.973863000 205 204.974427000 206 205.976110000 207 206.977419000 208 207.982018000 209 208.985359000 210 209.990074000 211 210.993480000 212 211.998230000
82 0 207.976652000 178 178.003830000 179 179.002150000 180 179.997918000 181 180.996620000 182 181.992672000 183 182.991870000 184 183.988142000 185 184.987610000 186 185.984239000 187 186.983918000 188 187.980874000 189 188.980810000 190 189.978082000 191 190.978270000 192 191.975785000 193 192.976170000 194 193.974012000 195 194.974542000 196 195.972774000 197 196.973431000 198 197.972034000 199 198.972917000 200 199.971827000 201 200.972885000 202 201.972159000 203 202.973391000 204 203.973043000 205 204.974481000 206 205.974465000 207 206.975896000 208 207.976652000 209 208.981090000 210 209.984188000 211 210.988737000 212 211.991897000 213 212.996581000 214 213.999805000 215 215.004810000
83 0 208.980398000 184 184.001120000 185 184.997630000 186 185.996600000 187 186.993158000 188 187.992270000 189 188.989200000 190 189.988300000 191 190.985786000 192 191.985460000 193 192.982960000 194 193.982830000 195 194.980651000 196 195.980667000 197 196.978864000 198 197.979210000 199 198.977672000 200 199.978132000 201 200.977009000 202 201.977742000 203 202.976876000 204 203.977813000 205 204.977389000 206 205.978499000 207 206.978470000 208 207.979742000 209 208.980398000 210 209.984120000 211 210.987269000 212 211.991285000 213 212.994385000 214 213.998712000 215 215.001770000 216 216.006306000 217 217.009470000 218 218.014320000
84 0 208.982430000 188 187.999422000 189 188.998481000 190 189.995101000 191 190.994574000 192 191.991335000 193 192.991030000 194 193.988186000 195 194.988110000 196 195.985535000 197 196.985660000 198 197.983389000 199 198.983666000 200 199.981799000 201 200.982260000 202 201.980758000 203 202.981420000 204 203.980318000 205 204.981203000 206 205.980481000 207 206.981593000 208 207.981245000 209 208.982430000 210 209.982873000 211 210.986653000 212 211.988868000 213 212.992857000 214 213.995201000 215 214.999420000 216 216.001915000 217 217.006335000 218 218.008973000 219 219.013740000 220 220.016600000
85 0 209.987148000 193 192.999840000 194 193.998730000 195 194.996268000 196 195.995790000 197 196.993190000 198 197.992840000 199 198.990530000 200 199.990351000 201 200.988417000 202 201.988630000 203 202.986942000 204 203.987251000 205 204.986074000 206 205.986667000 207 206.985784000 208 207.986590000 209 208.986173000 210 209.987148000 211 210.987496000 212 211.990745000 213 212.992937000 214 213.996372000 215 214.998653000 216 216.002423000 217 217.004719000 218 218.008694000 219 219.011162000 220 220.015410000 221 221.018050000 222 222.022330000 223 223.025190000
86 0 222.017577000 195 195.005440000 196 196.002115000 197 197.001580000 198 197.998679000 199 198.998370000 200 199.995699000 201 200.995630000 202 201.993263000 203 202.993387000 204 203.991429000 205 204.991720000 206 205.990214000 207 206.990734000 208 207.989642000 209 208.990415000 210 209.989696000 211 210.990601000 212 211.990704000 213 212.993883000 214 213.995363000 215 214.998745000 216 216.000274000 217 217.003928000 218 218.005601000 219 219.009480000 220 220.011394000 221 221.015537000 222 222.017577000 223 223.021790000 224 224.024090000 225 225.028440000 226 226.030890000 227 227.035410000 228 228.037990000
87 0 223.019735000 199 199.007260000 200 200.006570000 201 201.003860000 202 202.003370000 203 203.000925000 204 204.000653000 205 204.998594000 206 205.998670000 207 206.996950000 208 207.997140000 209 208.995954000 210 209.996408000 211 210.995537000 212 211.996202000 213 212.996189000 214 213.998971000 215 215.000341000 216 216.003198000 217 217.004632000 218 218.007578000 219 219.009252000 220 220.012327000 221 221.014255000 222 222.017552000 223 223.019735000 224 224.023250000 225 225.025570000 226 226.029390000 227 227.031840000 228 228.035730000 229 229.038450000 230 230.042510000 231 231.045440000 232 232.049770000
88 0 226.025409000 202 202.009890000 203 203.009270000 204 204.006500000 205 205.006270000 206 206.003827000 207 207.003800000 208 208.001840000 209 209.001990000 210 210.000495000 211 211.000898000 212 211.999794000 213 213.000384000 214 214.000108000 215 215.002720000 216 216.003533000 217 217.006320000 218 218.007140000 219 219.010085000 220 220.011028000 221 221.013917000 222 222.015375000 223 223.018502000 224 224.020211000 225 225.023612000 226 226.025409000 227 227.029177000 228 228.031070000 229 229.034958000 230 230.037056000 231 231.041220000 232 232.043640000 233 233.048060000 234 234.050700000
89 0 227.027752000 206 206.014500000 207 207.011950000 208 208.011550000 209 209.009490000 210 210.009440000 211 211.007730000 212 212.007810000 213 213.006610000 214 214.006902000 215 215.006454000 216 216.008720000 217 217.009347000 218 218.011640000 219 219.012420000 220 220.014763000 221 221.015590000 222 222.017844000 223 223.019137000 224 224.021723000 225 225.023230000 226 226.026098000 227 227.027752000 228 228.031021000 229 229.033020000 230 230.036290000 231 231.038560000 232 232.042030000 233 233.044550000 234 234.048420000 235 235.051230000 236 236.055300000
90 0 232.038055000 209 209.017720000 210 210.015075000 211 211.014930000 212 212.012980000 213 213.013010000 214 214.011500000 215 215.011730000 216 216.011062000 217 217.013114000 218 218.013284000 219 219.015540000 220 220.015748000 221 221.018184000 222 222.018468000 223 223.020811000 224 224.021467000 225 225.023951000 226 226.024903000 227 227.027704000 228 228.028741000 229 229.031762000 230 230.033133000 231 231.036304000 232 232.038055000 233 233.041581000 234 234.043601000 235 235.047510000 236 236.049870000 237 237.053890000 238 238.056500000
91 0 231.035884000 212 212.023200000 213 213.021110000 214 214.020920000 215 215.019190000 216 216.019110000 217 217.018320000 218 218.020042000 219 219.019880000 220 220.021880000 221 221.021880000 222 222.023740000 223 223.023960000 224 224.025626000 225 225.026130000 226 226.027948000 227 227.028805000 228 228.031051000 229 229.032096000 230 230.034541000 231 231.035884000 232 232.038592000 233 233.040247000 234 234.043308000 235 235.045440000 236 236.048680000 237 237.051150000 238 238.054500000 239 239.057260000 240 240.060980000
92 0 238.050788000 217 217.024370000 218 218.023540000 219 219.024920000 220 220.024720000 221 221.026400000 222 222.026090000 223 223.027740000 224 224.027605000 225 225.029391000 226 226.029339000 227 227.031156000 228 228.031374000 229 229.033506000 230 230.033940000 231 231.036294000 232 232.037156000 233 233.039635000 234 234.040952000 235 235.043929000 236 236.045568000 237 237.048730000 238 238.050788000 239 239.054293000 240 240.056592000 241 241.060330000 242 242.062930000
93 0 237.048173000 225 225.033910000 226 226.035150000 227 227.034960000 228 228.036180000 229 229.036260000 230 230.037830000 231 231.038250000 232 232.040110000 233 233.040740000 234 234.042895000 235 235.044063000 236 236.046570000 237 237.048173000 238 238.050946000 239 239.052939000 240 240.056162000 241 241.058250000 242 242.061640000 243 243.064280000 244 244.067850000
94 0 244.064204000 228 228.038740000 229 229.040150000 230 230.039650000 231 231.041101000 232 232.041187000 233 233.043000000 234 234.043317000 235 235.045286000 236 236.046058000 237 237.048409000 238 238.049559000 239 239.052163000 240 240.053813000 241 241.056851000 242 242.058742000 243 243.062003000 244 244.064204000 245 245.067747000 246 246.070205000 247 247.074070000
95 0 243.061381000 231 231.045560000 232 232.046590000 233 233.046350000 234 234.047810000 235 235.047950000 236 236.049580000 237 237.050000000 238 238.051980000 239 239.053024000 240 240.055300000 241 241.056829000 242 242.059549000 243 243.061381000 244 244.064284000 245 245.066452000 246 246.069775000 247 247.072090000 248 248.075750000 249 249.078480000
96 0 247.070354000 233 233.050770000 234 234.050160000 235 235.051430000 236 236.051410000 237 237.052900000 238 238.053030000 239 239.054960000 240 240.055529000 241 241.057653000 242 242.058835000 243 243.061389000 244 244.062752000 245 245.065491000 246 246.067223000 247 247.070354000 248 248.072349000 249 249.075953000 250 250.078357000 251 251.082285000 252 252.084870000
97 0 247.070307000 235 235.056580000 236 236.057330000 237 237.057000000 238 238.058280000 239 239.058280000 240 240.059760000 241 241.060230000 242 242.061980000 243 243.063008000 244 244.065181000 245 245.066361000 246 246.068670000 247 247.070307000 248 248.073090000 249 249.074986000 250 250.078317000 251 251.080760000 252 252.084310000 253 253.086880000 254 254.090600000
98 0 251.079587000 237 237.062070000 238 238.061410000 239 239.062420000 240 240.062300000 241 241.063730000 242 242.063700000 243 243.065430000 244 244.066001000 245 245.068049000 246 246.068805000 247 247.071001000 248 248.072185000 249 249.074853000 250 250.076406000 251 251.079587000 252 252.081626000 253 253.085133000 254 254.087323000 255 255.091050000 256 256.093440000
99 0 252.082980000 240 240.068920000 241 241.068540000 242 242.069750000 243 243.069550000 244 244.070880000 245 245.071320000 246 246.072900000 247 247.073660000 248 248.075470000 249 249.076410000 250 250.078610000 251 251.079992000 252 252.082980000 253 253.084824000 254 254.088022000 255 255.090273000 256 256.093600000 257 257.095980000 258 258.099520000
100 0 257.095105000 242 242.073430000 243 243.074350000 244 244.074080000 245 245.075390000 246 246.075300000 247 247.076850000 248 248.077195000 249 249.079030000 250 250.079521000 251 251.081575000 252 252.082467000 253 253.085185000 254 254.086854000 255 255.089962000 256 256.091773000 257 257.095105000 258 258.097080000 259 259.100600000 260 260.102680000
101 0 258.098431000 245 245.080830000 246 246.081890000 247 247.081640000 248 248.082820000 249 249.083010000 250 250.084420000 251 251.084840000 252 252.086560000 253 253.087280000 254 254.089660000 255 255.091083000 256 256.094060000 257 257.095541000 258 258.098431000 259 259.100510000 260 260.103650000 261 261.105720000 262 262.108870000
102 0 259.101030000 248 248.086600000 249 249.087830000 250 250.087510000 251 251.089010000 252 252.088977000 253 253.090680000 254 254.090955000 255 255.093241000 256 256.094283000 257 257.096877000 258 258.098210000 259 259.101030000 260 260.102640000 261 261.105750000 262 262.107300000 263 263.110550000 264 264.112350000
103 0 262.109630000 251 251.094360000 252 252.095370000 253 253.095210000 254 254.096450000 255 255.096680000 256 256.098630000 257 257.099560000 258 258.101810000 259 259.102900000 260 260.105500000 261 261.106880000 262 262.109630000 263 263.111290000 264 264.114040000 265 265.115840000 266 266.119310000
104 0 261.108770000 253 253.100690000 254 254.100180000 255 255.101340000 256 256.101166000 257 257.102990000 258 258.103490000 259 259.105640000 260 260.106440000 261 261.108770000 262 262.109930000 263 263.112550000 264 264.113990000 265 265.116700000 266 266.117960000 267 267.121530000 268 268.123640000
105 0 262.114080000 255 255.107400000 256 256.108130000 257 257.107720000 258 258.109230000 259 259.109610000 260 260.111300000 261 261.112060000 262 262.114080000 263 263.114990000 264 264.117400000 265 265.118600000 266 266.121030000 267 267.122380000 268 268.125450000 269 269.127460000 270 270.130710000
106 0 263.118320000 258 258.113170000 259 259.114500000 260 260.114420000 261 261.116120000 262 262.116400000 263 263.118320000 264 264.118930000 265 265.121110000 266 266.122070000 267 267.124430000 268 268.125610000 269 269.128760000 270 270.130330000 271 271.133470000 272 272.135160000 273 273.138220000
107 0 264.124600000 260 260.121970000 261 261.121660000 262 262.122890000 263 263.123040000 264 264.124600000 265 265.125150000 266 266.126940000 267 267.127650000 268 268.129760000 269 269.130690000 270 270.133620000 271 271.135180000 272 272.138030000 273 273.139620000 274 274.142440000 275 275.144250000
108 0 265.130090000 263 263.128560000 264 264.128390000 265 265.130090000 266 266.130100000 267 267.131790000 268 268.132160000 269 269.134060000 270 270.134650000 271 271.137660000 272 272.139050000 273 273.141990000 274 274.143130000 275 275.145950000 276 276.147210000 277 277.149840000
109 0 268.138730000 265 265.136150000 266 266.137300000 267 267.137310000 268 268.138730000 269 269.139060000 270 270.140660000 271 271.141140000 272 272.143740000 273 273.144910000 274 274.147490000 275 275.148650000 276 276.151160000 277 277.152420000 278 278.154810000 279 279.156190000
110 0 281.162061 281 281.162061
111 0 280.164473 280 280.164473
112 0 285.174105 285 285.174105
113 0 284.178080 284 284.178080
114 0 289.187279 289 289.187279
115 0 288.192492 288 288.192492
116 0 292.199786 292 292.199786
117 0 292.207550 291 291.206560 292 292.207550
118 0 293.214670 293 293.214670
