*
*   Copyright (c) Merck and Co., Inc., 1994,1995,1996,1997,1998,1999
*                         All Rights Reserved
*
* MMFF94s TORSION PARAMETERS
* C94  - CORE MMFF94 parameter - from fits to conformational energies
* C94S - CORE MMFF94s parameter - from fits to conformational energies
* X94  - EXTD MMFF94 parameter - also from fits to conformational E's
* E94  - EXTD MMFF94 parameter - from empirical rule
* #E94 - Adjusted from empirical rule value
*
*      atom types       V1      V2      V3     Source
0   0    1    1    0   0.000   0.000   0.300   C94 0:*-1-1-* Def
5   0    1    1    0   0.200  -0.800   1.500   C94 5:*-1-1-* Def
0   1    1    1    1   0.103   0.681   0.332   C94
5   1    1    1    1   0.144  -0.547   1.126   C94
0   1    1    1    2  -0.295   0.438   0.584   C94
0   1    1    1    3   0.066  -0.156   0.143   C94
0   1    1    1    5   0.639  -0.630   0.264   C94
0   1    1    1    6  -0.688   1.757   0.477   C94
5   1    1    1    6   0.000   0.000   0.054   C94
0   1    1    1    8  -1.420  -0.092   1.101   C94
5   1    1    1    8   0.000  -0.158   0.323   C94
0   1    1    1   11   0.593   0.662   1.120   C94
0   1    1    1   12  -0.678   0.417   0.624   C94
0   1    1    1   15  -0.714   0.698   0.000   C94
0   1    1    1   34  -0.647   0.550   0.590   C94
0   2    1    1    5   0.321  -0.411   0.144   C94
0   3    1    1    3   0.443   0.000  -1.140   C94
0   3    1    1    5  -0.256   0.058   0.000   C94
0   3    1    1    6  -0.679  -0.029   0.000   C94
0   5    1    1    5   0.284  -1.386   0.314   C94
0   5    1    1    6  -0.654   1.072   0.279   C94
0   5    1    1    8  -0.744  -1.235   0.337   C94
0   5    1    1   10   0.000   0.000   0.418   C94S
0   5    1    1   11   0.000   0.516   0.291   C94
0   5    1    1   12   0.678  -0.602   0.398   C94
0   5    1    1   15   1.142  -0.644   0.367   C94
0   5    1    1   25   0.000   0.000   0.295   X94
0   5    1    1   34   0.692  -0.530   0.278   C94
0   5    1    1   37   0.000   0.000   0.389   C94
0   5    1    1   39   0.000   0.000   0.278   C94
0   5    1    1   41   0.000   0.000  -0.141   C94
0   5    1    1   56   0.000   0.000   0.324   C94
0   5    1    1   68   0.000   0.000   0.136   C94
0   6    1    1    6   0.408   1.397   0.961   C94
5   6    1    1    6   0.313  -1.035   1.631   C94
0   8    1    1    8   1.055   0.834   0.000   C94
0  11    1    1   11  -0.387  -0.543   1.405   C94
0  12    1    1   12   0.000   0.000   0.893   C94
0  15    1    1   15  -0.177   0.000   0.049   C94
0   0    1    2    0   0.000   0.000   0.000   C94 0:*-1-2-* Def
2   0    1    2    0   0.000   0.000   0.000   E94 2:*1-2-* Def
5   0    1    2    0   0.000   0.000   0.000   C94 5:*-1-2-*  Def
0   0    1    2    2   0.000   0.000  -0.650   C94 0:*-1-2=2 Def
5   0    1    2    2   0.000   0.000  -0.650   C94 5:*-1-2=2  Def
0   1    1    2    1   0.419   0.296   0.282   C94
0   1    1    2    2  -0.494   0.274  -0.630   C94
0   1    1    2    5   0.075   0.000   0.358   C94
0   2    1    2    2  -0.293   0.115  -0.508   C94
0   2    1    2    5   0.301   0.104   0.507   C94
0   3    1    2    1   0.565  -0.554   0.234   C94
0   3    1    2    2  -0.577  -0.482  -0.427   C94
0   3    1    2    5   0.082   0.000   0.123   C94
0   5    1    2    1   0.000  -0.184   0.220   C94
0   5    1    2    2   0.501  -0.410  -0.535   C94
2   5    1    2    2   0.000   0.000   0.055   C94
2   5    1    2    3   0.000   0.000  -0.108   C94
0   5    1    2    5  -0.523  -0.228   0.208   C94
2   5    1    2   37   0.000   0.000   0.000   C94
0   6    1    2    1  -0.467   0.000   0.490   C94
0   6    1    2    2   0.425   0.168  -0.875   C94
0   6    1    2    5   0.000   0.136   0.396   C94
0   8    1    2    1  -0.504   0.371   0.557   C94
0   8    1    2    2   0.541   0.539  -1.009   C94
0   8    1    2    5   0.000   0.204   0.464   C94
0   0    1    3    0   0.000   0.400   0.300   C94 0:*-1-3-* Def
2   0    1    3    0   0.000   0.500   0.350   C94 2:*-1-3-*  Def
5   0    1    3    0   0.000   0.000   0.000   E94 5:*1-3-* Def
0   0    1    3    1   0.000   0.000   0.550   C94 0:*-1-3-1 Def
0   0    1    3    5   0.000   0.200   0.700   C94 0:*-1-3-5 Def
0   0    1    3    7   0.000   0.400   0.400   C94 0:*-1-3-7 Def
0   1    1    3    1   0.103   0.177   0.545   C94
0   1    1    3    5  -0.072   0.316   0.674   C94
0   1    1    3    6  -0.117  -0.333   0.202   C94
0   1    1    3    7   0.825   0.139   0.325   C94
0   1    1    3   10  -0.763   1.244   0.986   C94S
0   2    1    3    5   0.663  -0.167   0.426   C94
0   2    1    3    7  -0.758   0.112   0.563   C94
0   5    1    3    1  -0.073   0.085   0.531   C94
2   5    1    3    2   0.000   0.000   0.115   C94
2   5    1    3    3   0.000   0.000   0.446   C94
0   5    1    3    5  -0.822   0.501   1.008   C94
0   5    1    3    6   0.000  -0.624   0.330   C94
0   5    1    3    7   0.659  -1.407   0.308   C94
0   5    1    3   10  -0.687   1.244   0.136   C94S
2   5    1    3   37   0.000   0.000   0.056   C94
0   5    1    3   43   0.000   1.027   0.360   X94
0   5    1    3   51   0.000   1.543   0.350   X94
0   5    1    3   53   0.000   0.501   0.000   X94
0   5    1    3   74   0.000   0.513  -0.344   X94
0   5    1    3   75   0.000   0.511  -0.186   X94
0   6    1    3    6   0.447   0.652   0.318   C94
0   6    1    3    7  -0.395   0.730  -0.139   C94
0  10    1    3    7   0.530   2.905   2.756   C94S
0  10    1    3   10   0.465  -0.241   1.850   C94S
0   0    1    4    0   0.000   0.000   0.000   C94 0:*-1-4-* Def
0   0    1    6    0   0.000   0.000   0.200   C94 0:*-1-6-* Def
5   0    1    6    0   0.000  -0.200   0.400   C94 5:*-1-6-*  Def
0   1    1    6    1  -0.681   0.755   0.755   C94
5   1    1    6    1   0.000   0.243  -0.596   C94
0   1    1    6    3  -0.547   0.000   0.320   C94
0   1    1    6   21   0.000   0.270   0.237   C94
0   2    1    6   21   0.102   0.460  -0.128   C94
0   3    1    6   21  -1.652  -1.660   0.283   C94
0   5    1    6    1   0.571   0.319   0.570   C94
0   5    1    6    2   0.000   0.000   0.306   C94
0   5    1    6    3   0.572   0.000  -0.304   C94
0   5    1    6   21   0.596  -0.276   0.346   C94
0   5    1    6   25   0.000   0.000   0.061   X94
0   5    1    6   37   0.000   0.000   0.106   C94
0   5    1    6   45   0.000   0.000  -0.174   X94
0   6    1    6    1   0.229  -0.710   0.722   C94
5   6    1    6    1   0.000   0.000   0.040   C94
0   6    1    6   21   1.488  -3.401  -0.320   C94
0  37    1    6   21   0.712   1.320  -0.507   C94
0   0    1    8    0   0.000  -0.300   0.500   C94 0:*-1-8-* Def
5   0    1    8    0   0.000   0.000   0.297   E94 5:*1-8-* Def
0   1    1    8    1  -0.439   0.786   0.272   C94
5   1    1    8    1   0.115  -0.390   0.658   C94
0   1    1    8    6  -0.608   0.339   1.496   C94
0   1    1    8   23  -0.428   0.323   0.280   C94
0   2    1    8   23   0.594  -0.409   0.155   C94
0   5    1    8    1   0.393  -0.385   0.562   C94
0   5    1    8    6   0.598  -0.158   0.399   C94
0   5    1    8   23  -0.152  -0.440   0.357   C94
0   0    1    9    0   0.000   0.000   0.000   C94 0:*-1-9-* Def
5   0    1    9    0   0.000   0.000   0.000   E94 5:*1-9-* Def
0   5    1    9    3   0.204  -0.335  -0.352   C94
0   5    1    9   53   0.000   0.000   0.097   X94
0   0    1   10    0   0.000   0.000   0.300   C94 0:*-1-10-* Def
5   0    1   10    0   0.000   0.000   0.000   E94 5:*1-10-* Def
0   0    1   10    3   0.000   0.000   1.000   C94 0:*-1-10-3 Def
0   1    1   10    3  -0.884   0.578   0.818   C94S
0   1    1   10    6   0.000  -0.379   0.565   C94S
0   1    1   10   28   0.750  -0.404   0.369   C94S
0   3    1   10    3   3.219  -2.699   1.875   C94S
0   3    1   10   28   0.207   0.461   0.324   C94S
0   5    1   10    1   0.000   0.000   0.706   C94S
0   5    1   10    3  -2.334   1.517  -0.065   C94S
0   5    1   10    6   0.000   0.688   0.665   C94S
0   5    1   10   28  -0.982  -0.207   0.166   C94S
0   0    1   15    0   0.000   0.000   0.400   C94 0:*-1-15-* Def
5   0    1   15    0   0.000   0.000   0.336   E94 5:*1-15-* Def
0   1    1   15    1  -1.047   0.170   0.398   C94
0   1    1   15   15  -1.438   0.263   0.501   C94
0   1    1   15   71  -0.376  -0.133   0.288   C94
0   5    1   15    1   1.143  -0.231   0.447   C94
0   5    1   15   15   1.555  -0.323   0.456   C94
0   5    1   15   37   0.000   0.000   0.459   C94
0   5    1   15   71   0.229   0.203   0.440   C94
0   0    1   17    0   0.000   0.000   0.350   C94 0:*-1-17-* Def
5   0    1   17    0   0.000   0.000   0.000   E94 5:*1-17-* Def
0   5    1   17    1   0.000   0.000   0.536   X94
0   5    1   17    7   0.000   0.000   0.212   X94
0   0    1   18    0   0.000   0.000   0.100   C94 0:*-1-18-* Def
5   0    1   18    0   0.000   0.000   0.112   E94 5:*1-18-* Def
0   5    1   18    1   0.000   0.000   0.000   X94
0   5    1   18    6   0.000   0.000   0.099   X94
0   5    1   18   32   0.000   0.585   0.388   X94
0   5    1   18   43   0.000  -0.412   0.121   X94
0   5    1   18   48   0.000   0.000   0.195   X94
0   5    1   18   62   0.000   0.000  -0.088   X94
0   0    1   19    0   0.000   0.000   0.150   C94 0:*-1-19-* Def
5   0    1   19    0   0.000   0.000   0.179   E94 5:*1-19-* Def
0   5    1   19    5   0.000   0.000   0.196   X94
0   5    1   19    6   0.000   0.000   0.176   X94
0   5    1   19   12   0.000   0.000   0.152   X94
0   0    1   20    0   0.000   0.000   0.350   C94 0:*-1-20-* Def
5   0    1   20    0   0.000   0.000   0.350   C94 5:*-1-20-*  Def
0   5    1   20    5   0.000   0.000   0.344   C94
0   5    1   20   20   0.000   0.000   0.361   C94
0   0    1   22    0   0.000   0.000   0.236   E94 0:*1-22-* Def
5   0    1   22    0   0.000   0.000   0.236   E94 5:*1-22-* Def
0   0    1   25    0   0.000   0.000   0.300   C94 0:*-1-25-* Def
5   0    1   25    0   0.000   0.000   0.251   E94 5:*1-25-* Def
0   1    1   25    1   0.000  -0.207   0.232   X94
0   1    1   25   32   0.000   0.288   0.218   X94
0   5    1   25    1   0.000   0.152   0.235   X94
0   5    1   25    6   0.000   0.000   0.495   X94
0   5    1   25   32   0.000  -0.130   0.214   X94
0   5    1   25   43   0.000   0.000   0.466   X94
0   5    1   25   72   0.000   0.000   0.243   X94
0   0    1   26    0   0.000   0.000   0.450   C94 0:*-1-26-* Def
5   0    1   26    0   0.000   0.000   0.376   E94 5:*1-26-* Def
0   5    1   26   12   0.000   0.000   0.439   X94
0   5    1   26   71   0.000   0.000   0.472   X94
0   0    1   34    0   0.000   0.000   0.250   C94 0:*-1-34-* Def
5   0    1   34    0   0.000   0.000   0.198   E94 5:*1-34-* Def
0   1    1   34   36   0.000   0.000   0.187   C94
0   5    1   34    1   0.000   0.000   0.247   C94
0   5    1   34   36   0.000   0.000   0.259   C94
0   0    1   37    0   0.000   0.000   0.200   C94 0:*-1-37-* Def
5   0    1   37    0   0.000   0.000   0.000   E94 5:*1-37-* Def
0   1    1   37   37   0.000   0.449   0.000   C94
0   5    1   37   37   0.000  -0.420   0.391   C94
0   6    1   37   37   0.000   0.000   0.150   C94
0   0    1   39    0   0.000   0.000   0.000   C94 0:*-1-39-* Def
5   0    1   39    0   0.000   0.000   0.000   E94 5:*1-39-* Def
0   1    1   39   63   0.000  -0.080  -0.056   C94
0   5    1   39   63   0.000   0.000  -0.113   C94
0   0    1   40    0   0.000   0.000   0.250   C94 0:*-1-40-* Def
5   0    1   40    0   0.000   0.000   0.297   E94 5:*1-40-* Def
0   5    1   40   28   0.000  -0.105   0.000   C94S
0   5    1   40   37   0.000   0.000   0.468   C94S
0   0    1   41    0   0.000   0.600   0.000   C94 0:*-1-41-* Def
0   1    1   41   32   0.000   1.263   0.000   C94
0   5    1   41   32   0.000   0.000  -0.106   C94
0   5    1   41   72   0.000   0.632   0.000   X94
0   0    1   43    0   0.000   0.000   0.150   C94 0:*-1-43-* Def
5   0    1   43    0   0.000   0.000   0.297   E94 5:*1-43-* Def
0   5    1   43   18   0.357  -0.918   0.000   X94
0   5    1   43   25   0.000   0.000   0.061   X94
0   5    1   43   28  -0.249   0.382   0.343   X94
0   0    1   45    0   0.000   0.000   0.100   C94 0:*-1-45-* Def
0   5    1   45   32   0.000   0.000   0.125   X94
0   0    1   46    0   0.000   0.000  -0.500   C94 0:*-1-46-* Def
0   5    1   46    7   0.000   0.000  -0.540   X94
0   0    1   54    0   0.000   0.000   0.000   C94 0:*-1-54-* Def
2   0    1   54    0   0.000   0.000   0.000   E94 2:*1-54-* Def
5   0    1   54    0   0.000   0.000   0.000   E94 5:*1-54-* Def
0   5    1   54    3   0.000   0.000  -0.315   C94
0   5    1   54   36   0.000   0.000   0.315   C94
0   0    1   55    0   0.000   0.000   0.000   C94 0:*-1-55-* Def
5   0    1   55    0   0.000   0.000   0.000   E94 5:*1-55-* Def
0   5    1   55   36   0.000  -0.058   0.084   C94
0   5    1   55   57   0.000  -0.058  -0.092   C94
0   0    1   56    0   0.000   0.000  -0.300   C94 0:*-1-56-* Def
0   1    1   56   36   0.875   0.668  -0.015   C94
0   1    1   56   57  -0.870   0.775  -0.406   C94
0   5    1   56   36  -0.958  -0.629  -0.372   C94
0   5    1   56   57   0.952  -0.715  -0.483   C94
0   0    1   57    0   0.000   0.000   0.000   E94 0:*1-57-* Def
5   0    1   57    0   0.000   0.000   0.000   E94 5:*1-57-* Def
0   0    1   58    0   0.000   0.000   0.000   E94 0:*1-58-* Def
0   0    1   62    0   0.000   0.000   0.250   C94 0:*-1-62-* Def
0   5    1   62   18   0.000   0.000   0.270   X94
0   0    1   63    0   0.000   0.000   0.000   E94 0:*1-63-* Def
5   0    1   63    0   0.000   0.000   0.000   E94 5:*1-63-* Def
0   0    1   64    0   0.000   0.000   0.000   E94 0:*1-64-* Def
5   0    1   64    0   0.000   0.000   0.000   E94 5:*1-64-* Def
0   0    1   67    0   0.000   0.000   0.000   E94 0:*1-67-* Def
5   0    1   67    0   0.000   0.000   0.000   E94 5:*1-67-* Def
0   0    1   68    0   0.000   0.000   0.400   C94 0:*-1-68-* Def
0   1    1   68    1  -0.117   0.090   0.751   C94
0   1    1   68   23   0.373   0.153   0.635   C94
0   1    1   68   32  -0.090  -0.169   0.075   C94
0   5    1   68    1   0.134  -0.112   0.329   C94
0   5    1   68   23  -0.361  -0.202   0.560   C94
0   5    1   68   32   0.072   0.218   0.093   C94
0   0    1   73    0   0.000   0.000   0.500   C94 0:*-1-73-* Def
0   5    1   73   32   0.000   0.000   0.509   X94
0   5    1   73   72   0.000   0.000   0.443   X94
0   0    1   75    0   0.000   0.000   0.000   E94 0:*1-75-* Def
0   0    1   78    0   0.000   0.000   0.000   E94 0:*1-78-* Def
0   0    1   80    0   0.000   0.000   0.000   E94 0:*1-80-* Def
0   0    1   81    0   0.000   0.000   0.000   E94 0:*1-81-* Def
0   0    2    2    0   0.000  12.000   0.000   C94 0:*-2=2-* Def
1   0    2    2    0   0.000   1.800   0.000   C94 1:*=2-2=*  Def
5   0    2    2    0   0.000  12.000   0.000   C94 5:*-2=2-*  Def
0   1    2    2    1  -0.403  12.000   0.000   C94
0   1    2    2    2   0.000  12.000   0.000   C94
1   1    2    2    2  -0.418   2.089  -0.310   C94
0   1    2    2    5   0.000  12.000   0.000   C94
1   1    2    2    5   0.412   2.120   0.269   C94
1   2    2    2    2   0.094   1.621   0.877   C94
0   2    2    2    5   0.000  12.000   0.000   C94
1   2    2    2    5   0.317   1.421  -0.870   C94
0   3    2    2    5   0.000  12.000   0.000   C94
0   5    2    2    5   0.000  12.000   0.000   C94
1   5    2    2    5  -0.406   1.767   0.000   C94
0   5    2    2    6   0.000  12.000   0.000   C94
0   5    2    2   37   0.000  12.000   0.000   C94
0   5    2    2   40   0.000  12.000   0.000   C94
0   5    2    2   41   0.000  12.000   0.000   C94
0   5    2    2   45   0.000  12.000   0.000   X94
0   5    2    2   62   0.000  12.000   0.000   X94
1   0    2    3    0   0.000   2.500   0.000   #E94 0:*-2-3-* Def
1   1    2    3    1   0.136   1.798   0.630   C94
1   1    2    3    5   0.497   2.405   0.357   C94
1   1    2    3    6  -0.211   1.925  -0.131   C94
1   1    2    3    7  -0.401   2.028  -0.318   C94
1   1    2    3   10   0.000   2.237  -0.610   C94S
1   2    2    3    1  -0.325   1.553  -0.487   C94
1   2    2    3    5  -0.295   2.024  -0.590   C94
1   2    2    3    6  -0.143   1.466   0.000   C94
1   2    2    3    7   0.362   1.978   0.000   C94
1   2    2    3    9   0.296   1.514   0.481   C94
1   2    2    3   10   0.000   1.599   0.380   C94S
1   5    2    3    1   0.213   1.728  -0.042   C94
1   5    2    3    5  -0.208   1.622   0.223   C94
1   5    2    3    6   0.359   1.539   0.194   C94
1   5    2    3    7   0.000   2.046   0.000   C94
1   5    2    3    9  -0.290   1.519  -0.470   C94
1   5    2    3   10   0.000   1.409   0.254   C94S
1   0    2    4    0   0.000   0.000   0.000   C94 0:*-2-4-* Def
0   0    2    6    0   0.000   3.100   0.000   C94 0:*-2-6-* Def
2   0    2    6    0   0.000   3.600   0.000   E94 2:*-2-6-* Def
5   0    2    6    0   0.000   3.600   0.000   E94 5:*-2-6-* Def
0   2    2    6    1  -1.953   3.953  -1.055   C94
0   2    2    6    3  -1.712   2.596  -0.330   C94
0   2    2    6   29  -0.215   2.810  -0.456   C94
0   5    2    6    1   1.951   3.936   1.130   C94
0   5    2    6    3   1.719   2.628   0.360   C94
0   5    2    6   29   0.216   2.808   0.456   C94
1   0    2    9    0   0.000   1.800   0.000   E94 1:*-2-9-* Def
0   0    2   10    0   0.000   6.000   0.000   E94 0:*-2-10-* Def
2   0    2   10    0   0.000   6.000   0.000   E94 2:*-2-10-* Def
5   0    2   10    0   0.000   6.000   0.000   E94 5:*-2-10-* Def
0   0    2   15    0   0.000   1.423   0.000   E94 0:*-2-15-* Def
2   0    2   15    0   0.000   1.423   0.000   E94 2:*-2-15-* Def
5   0    2   15    0   0.000   1.423   0.000   E94 5:*-2-15-* Def
0   0    2   17    0   0.000   1.423   0.000   E94 0:*-2-17-* Def
0   0    2   18    0   0.000   0.000   0.000   E94 0:*-2-18-* Def
2   0    2   18    0   0.000   0.000   0.000   E94 2:*-2-18-* Def
5   0    2   18    0   0.000   0.000   0.000   E94 5:*-2-18-* Def
0   0    2   19    0   0.000   0.000   0.000   E94 0:*-2-19-* Def
0   0    2   20    0   0.000   0.000   0.000   E94 0:*-2-20-* Def
2   0    2   20    0   0.000   0.000   0.000   E94 2:*-2-20-* Def
0   0    2   22    0   0.000   0.000   0.000   E94 0:*-2-22-* Def
2   0    2   22    0   0.000   0.000   0.000   E94 2:*-2-22-* Def
5   0    2   22    0   0.000   0.000   0.000   E94 5:*-2-22-* Def
0   0    2   25    0   0.000   0.000   0.000   E94 0:*-2-25-* Def
0   0    2   30    0   0.000  12.000   0.000   E94 0:*-2-30-* Def
0   0    2   34    0   0.000   0.000   0.000   E94 0:*-2-34-* Def
2   0    2   34    0   0.000   0.000   0.000   E94 2:*-2-34-* Def
1   0    2   37    0   0.000   2.000   0.000   C94 1:*-2-37-*  Def
1   1    2   37   37   0.000   2.952  -0.079   C94
1   2    2   37   37   0.000   1.542   0.434   C94
1   5    2   37   37   0.000   1.308  -0.357   C94
1   0    2   39    0   0.000   6.000   0.000   E94 1:*-2-39-* Def
0   0    2   40    0   0.000   3.700   0.000   C94 0:*-2-40-* Def
2   0    2   40    0   0.000   3.600   0.000   E94 2:*-2-40-* Def
5   0    2   40    0   0.000   3.600   0.000   E94 5:*-2-40-* Def
0   2    2   40   28   0.000   3.305  -0.530   C94S
0   5    2   40   28   0.139   3.241   0.139   C94S
0   0    2   41    0   0.000   1.200   0.000   C94 0:*-2-41-* Def
2   0    2   41    0   0.000   1.800   0.000   E94 2:*-2-41-* Def
0   2    2   41   32   0.000   1.235   0.000   C94
0   5    2   41   32   0.000   1.231   0.000   C94
0   0    2   43    0   0.000   3.600   0.000   E94 0:*-2-43-* Def
2   0    2   43    0   0.000   3.600   0.000   E94 2:*-2-43-* Def
0   0    2   45    0   0.000   2.200   0.000   C94 0:*-2-45-* Def
2   0    2   45    0   0.000   1.800   0.000   E94 2:*-2-45-* Def
0   2    2   45   32   0.000   2.212   0.000   X94
0   5    2   45   32   0.000   2.225   0.000   X94
0   0    2   46    0   0.000   1.800   0.000   E94 0:*-2-46-* Def
2   0    2   46    0   0.000   1.800   0.000   E94 2:*-2-46-* Def
0   0    2   55    0   0.000   4.800   0.000   E94 0:*-2-55-* Def
0   0    2   56    0   0.000   4.800   0.000   E94 0:*-2-56-* Def
0   0    2   62    0   0.000   8.000   0.000   C94 0:*-2-62-* Def
0   2    2   62   23   1.693   7.903   0.532   X94
0   5    2   62   23  -1.696   7.897  -0.482   X94
1   0    2   63    0   0.000   1.800   0.000   E94 1:*-2-63-* Def
1   0    2   64    0   0.000   1.800   0.000   E94 1:*-2-64-* Def
1   0    2   67    0   0.000   1.800   0.000   E94 1:*-2-67-* Def
1   0    2   81    0   0.000   4.800   0.000   E94 1:*-2-81-* Def
1   0    3    3    0   0.000   0.600   0.000   C94 0:*-3-3-* Def
4   0    3    3    0   0.000   1.800   0.000   E94 4:*-3-3-* Def
1   1    3    3    1  -0.486   0.714   0.000   C94
1   1    3    3    6  -0.081  -0.125   0.132   C94
1   1    3    3    7   1.053   1.327   0.000   C94
1   5    3    3    6   0.000   0.188   0.436   C94
1   5    3    3    7   0.000   0.177  -0.412   C94
1   6    3    3    6   0.269   0.437   0.000   C94
1   6    3    3    7  -0.495   0.793  -0.318   C94
1   7    3    3    7  -0.260   1.084   0.193   C94
0   0    3    6    0   0.000   5.500   0.000   C94 0:*-3-6-* Def
2   0    3    6    0   0.000   5.500   0.000   C94 2:*-3-6-*  Def
4   0    3    6    0   0.000   3.600   0.000   E94 4:*-3-6-* Def
5   0    3    6    0   0.000   3.600   0.000   E94 5:*-3-6-* Def
0   1    3    6    1  -1.244   5.482   0.365   C94
0   1    3    6   24  -1.166   5.078  -0.545   C94
0   1    3    6   37  -0.677   5.854   0.521   C94
2   2    3    6   24   0.256   4.519   0.258   C94
2   3    3    6   24   1.663   4.073   0.094   C94
0   5    3    6    1   0.526   5.631   0.691   C94
0   5    3    6    2   0.159   6.586   0.216   C94
0   5    3    6   24  -2.285   4.737   0.468   C94
0   7    3    6    0   0.700   6.500  -0.400   C94 0:7-3-6-* Def
0   7    3    6    1   0.682   7.184  -0.935   C94
0   7    3    6    2  -0.168   6.572  -0.151   C94
0   7    3    6   24   1.662   6.152  -0.058   C94
0   7    3    6   37   0.635   5.890  -0.446   C94
2  37    3    6   24   0.000   3.892  -0.094   C94
0   0    3    9    0   0.000  16.000   0.000   C94 0:*-3=9-* Def
1   0    3    9    0   0.000   1.800   0.000   E94 1:*-3-9-* Def
5   0    3    9    0   0.000  12.000   0.000   E94 5:*-3-9-* Def
0   2    3    9   27   0.000  16.000   0.000   C94
0   5    3    9    1   0.687  16.152   0.894   C94
0   5    3    9   27   0.000  16.000   0.000   C94
0  40    3    9    1  -0.704  18.216   0.000   C94S
0  40    3    9   27   0.000  16.000   0.178   C94S
0   0    3   10    0   0.000   6.000   0.000   C94 0:*-3-10-* Def
2   0    3   10    0   0.000   6.000   0.000   C94 2:*-3-10-*  Def
4   0    3   10    0   0.000   6.000   0.000   C94 4:*-3-10-*  Def
5   0    3   10    0   0.000   6.000   0.000   E94 5:*-3-10-* Def
0   1    3   10    1   0.831   6.061   0.522   C94S
0   1    3   10    6  -1.152   8.588   1.511   C94S
0   1    3   10   28  -0.259   5.934   1.326   C94S
2   2    3   10   28   0.000   6.561   0.294   C94S
0   5    3   10    1  -0.195   6.304   1.722   C94S
0   5    3   10    3  -0.705   5.383   0.234   C94S
0   5    3   10   28  -0.417   5.981   0.511   C94S
0   7    3   10    1  -0.491   6.218   0.000   C94S
0   7    3   10    3   0.733  -0.543  -0.163   C94S
0   7    3   10    6   1.234   8.372  -0.539   C94S
0   7    3   10   28   1.168   4.857  -0.341   C94S
0  10    3   10   28   0.000   3.706   1.254   C94S
0   0    3   15    0   0.000   1.423   0.000   E94 0:*-3-15-* Def
2   0    3   15    0   0.000   1.423   0.000   E94 2:*-3-15-* Def
4   0    3   15    0   0.000   1.423   0.000   E94 4:*-3-15-* Def
5   0    3   15    0   0.000   1.423   0.000   E94 5:*-3-15-* Def
0   0    3   17    0   0.000   1.423   0.000   E94 0:*-3-17-* Def
5   0    3   17    0   0.000   1.423   0.000   E94 5:*-3-17-* Def
0   0    3   18    0   0.000   0.000   0.000   E94 0:*-3-18-* Def
2   0    3   18    0   0.000   0.000   0.000   E94 2:*-3-18-* Def
0   0    3   20    0   0.000   0.000  -0.300   C94 0:*-3-20-* Def
2   0    3   20    0   0.000   0.000   0.000   E94 2:*-3-20-* Def
4   0    3   20    0   0.000   0.000  -0.300   C94 4:*-3-20-* Def
5   0    3   20    0   0.000   0.000   0.000   E94 5:*-3-20-* Def
0   7    3   20    0   0.000   0.400   0.400   C94 0:7-3-20-* Def
0   7    3   20    5   0.000   0.000  -0.131   C94
0   7    3   20   20   0.000   0.000   0.000   C94
0  20    3   20    5   0.000   0.000   0.085   C94
0  20    3   20   20   0.000   0.000   0.000   C94
0   0    3   22    0   0.000   0.000   0.000   E94 0:*-3-22-* Def
2   0    3   22    0   0.000   0.000   0.000   E94 2:*-3-22-* Def
4   0    3   22    0   0.000   0.000   0.000   E94 4:*-3-22-* Def
5   0    3   22    0   0.000   0.000   0.000   E94 5:*-3-22-* Def
0   7    3   22    0   0.000   0.400   0.400   C94 0:7-3-22-* Def
0   0    3   25    0   0.000   0.000   0.000   E94 0:*-3-25-* Def
2   0    3   25    0   0.000   0.000   0.000   E94 2:*-3-25-* Def
1   0    3   30    0   0.000   1.800   0.000   E94 1:*-3-30-* Def
4   0    3   30    0   0.000   1.800   0.000   E94 4:*-3-30-* Def
1   0    3   37    0   0.000   2.500   0.000   #E94 1:*-3-37-* Def
4   0    3   37    0   0.000   1.800   0.000   E94 4:*-3-37-* Def
1   1    3   37   37   0.000   2.428   0.000   C94
1   6    3   37   37   0.000   1.743   0.000   C94
1   7    3   37   37   0.000   2.256   0.000   C94
1  43    3   37   37  -0.241   3.385  -0.838   X94
1   0    3   39    0   0.000   5.500   0.000   #E94 1:*-3-39-* Def
0   0    3   40    0   0.000   3.900   0.000   C94 0:*-3-40-* Def
2   0    3   40    0   0.000   3.600   0.000   E94 2:*-3-40-* Def
5   0    3   40    0   0.000   3.600   0.000   E94 5:*-3-40-* Def
0   5    3   40   28  -1.355   3.964   0.800   C94S
0   9    3   40   28   1.045   3.785  -0.291   C94S
0  40    3   40   28   0.508   2.985   0.809   C94S
0   0    3   41    0   0.000   1.800   0.000   E94 0:*-3-41-* Def
2   0    3   41    0   0.000   1.800   0.000   E94 2:*-3-41-* Def
0   0    3   43    0   0.000   4.500   0.000   C94 0:*-3-43-* Def
2   0    3   43    0   0.000   3.600   0.000   E94 2:*-3-43-* Def
4   0    3   43    0   0.000   3.600   0.000   E94 4:*-3-43-* Def
5   0    3   43    0   0.000   3.600   0.000   E94 5:*-3-43-* Def
0   1    3   43   18   1.712   3.309   0.233   X94
0   1    3   43   28  -0.414   4.168  -0.875   X94
0   7    3   43   18  -0.880   5.091  -0.129   X94
0   7    3   43   28   0.536   5.276  -0.556   X94
2  37    3   43   18  -0.701   4.871   1.225   X94
2  37    3   43   28  -0.086   5.073   0.878   X94
0   0    3   45    0   0.000   1.800   0.000   E94 0:*-3-45-* Def
2   0    3   45    0   0.000   1.800   0.000   E94 2:*-3-45-* Def
0   0    3   48    0   0.000   0.000   0.892   E94 0:*-3-48-* Def
0   0    3   51    0   0.000  13.500   0.000   C94 0:*-3-51-* Def
0   1    3   51   52   0.000  13.549   0.000   X94
0   0    3   54    0   0.000   8.000   0.000   C94 0:*-3-54-* Def
1   0    3   54    0   0.000   2.500   0.000   #E94 1:*-3-54-* Def
5   0    3   54    0   0.000  12.000   0.000   E94 5:*-3-54-* Def
0   5    3   54    1   0.000   8.000   0.000   C94
0   5    3   54   36   0.000   8.000   0.000   C94
0   0    3   55    0   0.000   4.800   0.000   E94 0:*-3-55-* Def
2   0    3   55    0   0.000   4.800   0.000   E94 2:*-3-55-* Def
0   0    3   56    0   0.000   4.800   0.000   E94 0:*-3-56-* Def
2   0    3   56    0   0.000   4.800   0.000   E94 2:*-3-56-* Def
1   0    3   57    0   0.000   2.500   0.000   #E94 1:*-3-57-* Def
1   0    3   58    0   0.000   4.800   0.000   E94 1:*-3-58-* Def
0   0    3   62    0   0.000   3.600   0.000   E94 0:*-3-62-* Def
2   0    3   62    0   0.000   3.600   0.000   E94 2:*-3-62-* Def
5   0    3   62    0   0.000   3.600   0.000   E94 5:*-3-62-* Def
1   0    3   63    0   0.000   2.500   0.000   #E94 1:*-3-63-* Def
1   0    3   64    0   0.000   2.500   0.000   #E94 1:*-3-64-* Def
0   0    3   67    0   0.000  12.000   0.000   E94 0:*-3-67-* Def
0   0    3   74    0   0.000  19.000   0.000   C94 0:*-3-74-* Def
0   1    3   74    7   0.000  19.349   0.000   X94
0   0    3   75    0   0.000  19.000   0.000   C94 0:*-3-75-* Def
0   1    3   75   71   0.000  18.751   0.000   X94
1   0    3   78    0   0.000   2.500   0.000   #E94 1:*-3-78-* Def
1   0    3   80    0   0.000   2.500   0.000   #E94 1:*-3-80-* Def
0   0    6    6    0   0.000  -2.000   0.000   E94 0:*-6-6-* Def
5   0    6    6    0   0.000  -2.000   0.000   E94 5:*-6-6-* Def
0   0    6    8    0   0.900  -1.100  -0.500   C94 0:*-6-8-* Def
5   0    6    8    0   0.000   0.000   0.274   E94 5:*-6-8-* Def
0  21    6    8    1   0.261  -0.330  -0.542   C94
0  21    6    8   23   1.503  -1.853  -0.476   C94
0   0    6    9    0   0.000   3.600   0.000   E94 0:*-6-9-* Def
5   0    6    9    0   0.000   3.600   0.000   E94 5:*-6-9-* Def
0   0    6   10    0   1.200   0.500  -1.000   C94 0:*-6-10-* Def
0  21    6   10    1   0.829   0.000  -0.730   C94S
0  21    6   10    3   0.675  -0.185  -1.053   C94S
0   0    6   15    0   0.000  -4.000   0.000   E94 0:*-6-15-* Def
0   0    6   17    0   0.000   1.423   0.000   E94 0:*-6-17-* Def
5   0    6   17    0   0.000   1.423   0.000   E94 5:*-6-17-* Def
0   0    6   18    0   0.000   0.000   0.100   C94 0:*-6-18-* Def
5   0    6   18    0   0.000   0.000   0.103   E94 5:*-6-18-* Def
0  33    6   18    1  -0.520  -0.471  -0.267   X94
0  33    6   18    6  -1.623   0.204   0.438   X94
0  33    6   18   32   1.616   0.425   0.191   X94
0   0    6   19    0   0.000   0.000   0.150   C94 0:*-6-19-* Def
5   0    6   19    0   0.000   0.000   0.165   E94 5:*-6-19-* Def
0  21    6   19    1  -0.620  -0.329   0.303   X94
0  21    6   19    5   0.683   0.220   0.000   X94
0   0    6   20    0   0.000   0.000   0.400   C94 0:*-6-20-* Def
4   0    6   20    0   0.000   0.000   0.217   E94 4:*-6-20-* Def
5   0    6   20    0   0.000   0.000   0.217   E94 5:*-6-20-* Def
0  20    6   20    5   0.000   0.000  -0.079   C94
4  20    6   20   20   0.000   0.000   0.000   C94
0   0    6   22    0   0.000   0.000   0.217   E94 0:*-6-22-* Def
0   0    6   25    0   0.000   0.000   0.650   C94 0:*-6-25-* Def
5   0    6   25    0   0.000   0.000   0.231   E94 5:*-6-25-* Def
0   1    6   25    1  -1.704  -0.452   0.556   X94
0   1    6   25    6   0.000   0.000   0.777   X94
0   1    6   25   32   1.205   0.914   0.612   X94
0  24    6   25    6  -3.209  -7.622   1.065   X94
0  24    6   25   32  -5.891  -3.332   0.290   X94
0   0    6   26    0   0.000   0.000   0.346   E94 0:*-6-26-* Def
0   0    6   30    0   0.000   3.600   0.000   E94 0:*-6-30-* Def
2   0    6   30    0   0.000   3.600   0.000   E94 2:*-6-30-* Def
0   0    6   37    0   0.000   3.200   0.000   C94 0:*-6-37-* Def
5   0    6   37    0   0.000   3.600   0.000   E94 5:*-6-37-* Def
0   1    6   37   37   0.000   4.382   0.000   C94
0   3    6   37   37   0.000   2.576   0.000   C94
0  29    6   37   37   0.000   2.801   0.000   C94
0   0    6   39    0   0.000   0.000   0.000   E94 0:*-6-39-* Def
0   0    6   40    0   0.000   0.000   0.274   E94 0:*-6-40-* Def
0   0    6   41    0   0.000   3.600   0.000   E94 0:*-6-41-* Def
0   0    6   43    0   0.000   0.000   0.274   E94 0:*-6-43-* Def
0   0    6   45    0   0.000   6.000   0.000   C94 0:*-6-45-* Def
0   1    6   45   32   0.000   6.208   0.000   X94
0   0    6   54    0   0.000   3.600   0.000   E94 0:*-6-54-* Def
0   0    6   55    0   0.000   3.600   0.000   E94 0:*-6-55-* Def
0   0    6   57    0   0.000   3.600   0.000   E94 0:*-6-57-* Def
0   0    6   58    0   0.000   3.600   0.000   E94 0:*-6-58-* Def
0   0    6   63    0   0.000   3.600   0.000   E94 0:*-6-63-* Def
0   0    6   64    0   0.000   3.600   0.000   E94 0:*-6-64-* Def
0   0    8    8    0   0.000   0.000   0.375   E94 0:*-8-8-* Def
5   0    8    8    0   0.000   0.000   0.375   E94 5:*-8-8-* Def
0   0    8    9    0   0.000   3.600   0.000   E94 0:*-8-9-* Def
5   0    8    9    0   0.000   3.600   0.000   E94 5:*-8-9-* Def
0   0    8   10    0   0.000   0.000   0.000   E94 0:*-8-10-* Def
4   0    8   10    0   0.000   0.000   0.000   E94 4:*-8-10-* Def
0   0    8   15    0   0.000   0.000   0.424   E94 0:*-8-15-* Def
0   0    8   17    0   0.000   1.423   0.000   E94 0:*-8-17-* Def
4   0    8   17    0   0.000   1.423   0.000   E94 4:*-8-17-* Def
5   0    8   17    0   0.000   1.423   0.000   E94 5:*-8-17-* Def
0   0    8   19    0   0.000   0.000   0.225   E94 0:*-8-19-* Def
0   0    8   20    0   0.000   0.000   0.350   C94 0:*-8-20-* Def
4   0    8   20    0   0.000   0.000   0.300   C94 4:*-8-20-*  Def
5   0    8   20    0   0.000   0.000   0.297   E94 5:*-8-20-* Def
0  20    8   20    5   0.000   0.120   0.472   C94
4  20    8   20   20   0.000  -0.097   0.200   C94
0  23    8   20    5  -0.101  -0.324   0.371   C94
0  23    8   20   20   0.107   0.253   0.151   C94
0   0    8   22    0   0.000   0.000   0.297   E94 0:*-8-22-* Def
0   0    8   25    0   0.000   0.000   0.316   E94 0:*-8-25-* Def
5   0    8   25    0   0.000   0.000   0.316   E94 5:*-8-25-* Def
0   0    8   26    0   0.000   0.000   0.474   E94 0:*-8-26-* Def
5   0    8   26    0   0.000   0.000   0.474   E94 5:*-8-26-* Def
0   0    8   34    0   0.000   0.000   0.250   E94 0:*-8-34-* Def
0   0    8   39    0   0.000   0.000   0.000   E94 0:*-8-39-* Def
0   0    8   40    0   0.000   0.000   0.375   E94 0:*-8-40-* Def
0   0    8   43    0   0.000   0.000   0.375   E94 0:*-8-43-* Def
0   0    8   45    0   0.000   3.600   0.000   E94 0:*-8-45-* Def
0   0    8   46    0   0.000   3.600   0.000   E94 0:*-8-46-* Def
0   0    8   55    0   0.000   3.600   0.000   E94 0:*-8-55-* Def
0   0    8   56    0   0.000   3.600   0.000   E94 0:*-8-56-* Def
0   0    9    9    0   0.000  12.000   0.000   E94 0:*-9-9-* Def
1   0    9    9    0   0.000   1.800   0.000   E94 1:*-9-9-* Def
5   0    9    9    0   0.000  12.000   0.000   E94 5:*-9-9-* Def
0   0    9   10    0   0.000   6.000   0.000   E94 0:*-9-10-* Def
5   0    9   10    0   0.000   6.000   0.000   E94 5:*-9-10-* Def
0   0    9   15    0   0.000   1.423   0.000   E94 0:*-9-15-* Def
0   0    9   18    0   0.000   0.000   0.000   E94 0:*-9-18-* Def
0   0    9   19    0   0.000   0.000   0.000   E94 0:*-9-19-* Def
0   0    9   20    0   0.000   0.000   0.000   E94 0:*-9-20-* Def
0   0    9   25    0   0.000   0.000   0.000   E94 0:*-9-25-* Def
0   0    9   34    0   0.000   0.000   0.000   E94 0:*-9-34-* Def
5   0    9   34    0   0.000   0.000   0.000   E94 5:*-9-34-* Def
1   0    9   37    0   0.000   1.800   0.000   E94 1:*-9-37-* Def
1   0    9   39    0   0.000   6.000   0.000   E94 1:*-9-39-* Def
0   0    9   40    0   0.000   3.600   0.000   E94 0:*-9-40-* Def
0   0    9   41    0   0.000   4.800   0.000   E94 0:*-9-41-* Def
0   0    9   45    0   0.000   1.800   0.000   E94 0:*-9-45-* Def
0   0    9   54    0   0.000  12.000   0.000   E94 0:*-9-54-* Def
0   0    9   55    0   0.000   4.800   0.000   E94 0:*-9-55-* Def
0   0    9   56    0   0.000   4.800   0.000   E94 0:*-9-56-* Def
1   0    9   57    0   0.000   1.800   0.000   E94 1:*-9-57-* Def
0   0    9   62    0   0.000   3.600   0.000   E94 0:*-9-62-* Def
1   0    9   63    0   0.000   1.800   0.000   E94 1:*-9-63-* Def
1   0    9   64    0   0.000   1.800   0.000   E94 1:*-9-64-* Def
0   0    9   67    0   0.000  12.000   0.000   E94 0:*-9-67-* Def
1   0    9   78    0   0.000   1.800   0.000   E94 1:*-9-78-* Def
1   0    9   81    0   0.000   4.800   0.000   E94 1:*-9-81-* Def
0   0   10   10    0   0.000   0.000   0.000   E94 0:*-10-10-* Def
5   0   10   10    0   0.000   0.000   0.000   E94 5:*-10-10-* Def
0   0   10   15    0   0.000   0.000   0.000   E94 0:*-10-15-* Def
0   0   10   17    0   0.000   4.743   0.000   E94 0:*-10-17-* Def
0   0   10   20    0   0.000   0.000   0.000   E94 0:*-10-20-* Def
4   0   10   20    0   0.000   0.000   0.000   E94 4:*-10-20-* Def
5   0   10   20    0   0.000   0.000   0.000   E94 5:*-10-20-* Def
0   0   10   22    0   0.000   0.000   0.000   E94 0:*-10-22-* Def
0   0   10   25    0   0.000   0.000   0.000   E94 0:*-10-25-* Def
0   0   10   26    0   0.000   0.000   0.000   E94 0:*-10-26-* Def
5   0   10   26    0   0.000   0.000   0.000   E94 5:*-10-26-* Def
0   0   10   34    0   0.000   0.000   0.000   E94 0:*-10-34-* Def
0   0   10   37    0   0.000   6.000   0.000   E94 0:*-10-37-* Def
0   0   10   39    0   0.000   0.000   0.000   E94 0:*-10-39-* Def
0   0   10   40    0   0.000   0.000   0.000   E94 0:*-10-40-* Def
5   0   10   40    0   0.000   0.000   0.000   E94 5:*-10-40-* Def
0   0   10   41    0   0.000   6.000   0.000   E94 0:*-10-41-* Def
0   0   10   45    0   0.000   6.000   0.000   E94 0:*-10-45-* Def
0   0   10   63    0   0.000   6.000   0.000   E94 0:*-10-63-* Def
0   0   10   64    0   0.000   6.000   0.000   E94 0:*-10-64-* Def
0   0   15   15    0  -1.400  -8.300   1.000   C94 0:*-15-15-* Def
5   0   15   15    0   0.000  -8.000   0.000   E94 5:*-15-15-* Def
0   1   15   15    1  -1.663  -8.408   1.433   C94
0   1   15   15   71  -1.088  -8.245   0.411   C94
0   0   15   18    0   0.000   0.000   0.160   E94 0:*-15-18-* Def
0   0   15   19    0   0.000   0.000   0.255   E94 0:*-15-19-* Def
5   0   15   19    0   0.000   0.000   0.255   E94 5:*-15-19-* Def
0   0   15   20    0   0.000   0.000   0.336   E94 0:*-15-20-* Def
4   0   15   20    0   0.000   0.000   0.336   E94 4:*-15-20-* Def
0   0   15   22    0   0.000   0.000   0.336   E94 0:*-15-22-* Def
0   0   15   25    0   0.000   0.000   0.358   E94 0:*-15-25-* Def
4   0   15   25    0   0.000   0.000   0.358   E94 4:*-15-25-* Def
0   0   15   26    0   0.000   0.000   0.537   E94 0:*-15-26-* Def
0   0   15   30    0   0.000   1.423   0.000   E94 0:*-15-30-* Def
4   0   15   30    0   0.000   1.423   0.000   E94 4:*-15-30-* Def
0   0   15   37    0   0.000   1.300   0.000   C94 0:*-15-37-* Def
5   0   15   37    0   0.000   1.423   0.000   E94 5:*-15-37-* Def
0   1   15   37   37   0.000   2.177   0.000   C94
0  71   15   37   37   0.000   0.505   0.333   C94
0   0   15   40    0   0.000   0.000   0.424   E94 0:*-15-40-* Def
0   0   15   43    0   0.000   0.000   0.424   E94 0:*-15-43-* Def
0   0   15   57    0   0.000   1.423   0.000   E94 0:*-15-57-* Def
0   0   15   63    0   0.000   1.423   0.000   E94 0:*-15-63-* Def
0   0   15   64    0   0.000   1.423   0.000   E94 0:*-15-64-* Def
0   0   17   20    0   0.000   0.000   0.000   E94 0:*-17-20-* Def
4   0   17   20    0   0.000   0.000   0.000   E94 4:*-17-20-* Def
5   0   17   20    0   0.000   0.000   0.000   E94 5:*-17-20-* Def
0   0   17   22    0   0.000   0.000   0.000   E94 0:*-17-22-* Def
0   0   17   37    0   0.000   1.423   0.000   E94 0:*-17-37-* Def
0   0   17   43    0   0.000   3.795   0.000   E94 0:*-17-43-* Def
0   0   18   20    0   0.000   0.000   0.112   E94 0:*-18-20-* Def
4   0   18   20    0   0.000   0.000   0.112   E94 4:*-18-20-* Def
5   0   18   20    0   0.000   0.000   0.112   E94 5:*-18-20-* Def
0   0   18   22    0   0.000   0.000   0.112   E94 0:*-18-22-* Def
0   0   18   37    0   0.000  -1.200  -0.300   C94 0:*-18-37-* Def
0  32   18   37   37  -0.173  -0.965  -0.610   X94
0  39   18   37   37   0.000  -0.760   0.227   X94
0  43   18   37   37   0.228  -1.741  -0.371   X94
0   0   18   39    0   0.000   0.000   0.500   C94 0:*-18-39-* Def
0  32   18   39   63   0.000   0.687   0.680   X94
0  37   18   39   63   0.000  -0.513   0.357   X94
0   0   18   43    0   0.000   0.000   0.350   C94 0:*-18-43-* Def
4   0   18   43    0   0.000   0.000   0.141   E94 4:*-18-43-* Def
5   0   18   43    0   0.000   0.000   0.141   E94 5:*-18-43-* Def
0   1   18   43    1  -0.914  -0.482   0.179   X94
0   1   18   43    3  -0.392  -2.724   0.312   X94
0   1   18   43   28  -1.508  -1.816  -0.175   X94
0   1   18   43   37   0.823  -1.220  -0.770   X94
0  32   18   43    1   1.588   1.499   1.410   X94
0  32   18   43    3   0.653   0.254   0.000   X94
0  32   18   43   28   0.528   0.342   0.000   X94
0  32   18   43   37   0.812   1.513   1.266   X94
0  37   18   43    1  -1.139  -0.703   1.088   X94
0  37   18   43   28  -2.014  -1.646  -2.068   X94
0  37   18   43   37  -1.519  -0.328   1.437   X94
0  43   18   43   28   3.011  -1.405   2.038   X94
0   0   18   48    0   0.000   0.000   0.400   C94 0:*-18-48-* Def
0   1   18   48   28   1.767   1.606   0.408   X94
0  32   18   48   28  -1.463  -2.548   0.310   X94
0   0   18   55    0   0.000   0.000   0.000   E94 0:*-18-55-* Def
0   0   18   58    0   0.000   0.000   0.000   E94 0:*-18-58-* Def
0   0   18   62    0   0.000   0.000   0.500   C94 0:*-18-62-* Def
0   1   18   62    1  -0.403  -0.273   0.440   X94
0  32   18   62    1   0.291   0.385   0.582   X94
0   0   18   63    0   0.000   0.000   0.000   E94 0:*-18-63-* Def
0   0   18   64    0   0.000   0.000   0.000   E94 0:*-18-64-* Def
0   0   18   80    0   0.000   0.000   0.000   E94 0:*-18-80-* Def
0   0   19   20    0   0.000   0.000   0.179   E94 0:*-19-20-* Def
4   0   19   20    0   0.000   0.000   0.179   E94 4:*-19-20-* Def
0   0   19   37    0   0.000   0.000   0.000   E94 0:*-19-37-* Def
0   0   19   40    0   0.000   0.000   0.225   E94 0:*-19-40-* Def
0   0   19   63    0   0.000   0.000   0.000   E94 0:*-19-63-* Def
0   0   19   75    0   0.000   0.000   0.000   E94 0:*-19-75-* Def
0   0   20   20    0   0.000   0.000   0.200   C94 0:*-20-20-* Def
4   0   20   20    0   0.000   0.000   0.000   C94 4:*-20-20-*  Def
5   0   20   20    0   0.000   0.000   0.236   E94 5:*-20-20-* Def
0   1   20   20    5   0.067   0.081   0.347   C94
0   1   20   20   20  -0.063  -0.064   0.140   C94
0   3   20   20    5   0.000   0.000   0.083   C94
0   3   20   20   20   0.000   0.000   0.000   C94
0   5   20   20    5   0.000   0.000   0.424   C94
0   5   20   20    6   0.000   0.000  -0.080   C94
0   5   20   20    8   0.000   0.127   0.450   C94
0   5   20   20   12  -0.072  -0.269   0.439   C94
0   5   20   20   20  -0.057   0.000   0.307   C94
4   6   20   20   20   0.000   0.000   0.000   C94
4   8   20   20   20   0.000  -0.091   0.192   C94
0  12   20   20   20   0.077   0.202   0.183   C94
4  20   20   20   20   0.000   0.000   0.000   C94
0   0   20   22    0   0.000   0.000   0.236   E94 0:*-20-22-* Def
4   0   20   22    0   0.000   0.000   0.236   E94 4:*-20-22-* Def
0   0   20   25    0   0.000   0.000   0.251   E94 0:*-20-25-* Def
4   0   20   25    0   0.000   0.000   0.251   E94 4:*-20-25-* Def
0   0   20   26    0   0.000   0.000   0.376   E94 0:*-20-26-* Def
4   0   20   26    0   0.000   0.000   0.376   E94 4:*-20-26-* Def
5   0   20   26    0   0.000   0.000   0.376   E94 5:*-20-26-* Def
0   0   20   30    0   0.000   0.000   0.000   E94 0:*-20-30-* Def
2   0   20   30    0   0.000   0.000   0.000   E94 2:*-20-30-* Def
4   0   20   30    0   0.000   0.000   0.000   E94 4:*-20-30-* Def
0   0   20   30   30   0.000   0.000  -0.500   C94 0:*-20-30=30 Def
0   0   20   34    0   0.000   0.000   0.198   E94 0:*-20-34-* Def
4   0   20   34    0   0.000   0.000   0.198   E94 4:*-20-34-* Def
0   0   20   37    0   0.000   0.000   0.000   E94 0:*-20-37-* Def
4   0   20   37    0   0.000   0.000   0.000   E94 4:*-20-37-* Def
0   0   20   40    0   0.000   0.000   0.297   E94 0:*-20-40-* Def
0   0   20   41    0   0.000   0.000   0.000   E94 0:*-20-41-* Def
0   0   20   43    0   0.000   0.000   0.297   E94 0:*-20-43-* Def
4   0   20   43    0   0.000   0.000   0.297   E94 4:*-20-43-* Def
0   0   20   45    0   0.000   0.000   0.000   E94 0:*-20-45-* Def
0   0   22   22    0   0.000   0.000   0.236   E94 0:*-22-22-* Def
4   0   22   22    0   0.000   0.000   0.236   E94 4:*-22-22-* Def
5   0   22   22    0   0.000   0.000   0.236   E94 5:*-22-22-* Def
0   0   22   30    0   0.000   0.000   0.000   E94 0:*-22-30-* Def
4   0   22   30    0   0.000   0.000   0.000   E94 4:*-22-30-* Def
0   0   22   34    0   0.000   0.000   0.198   E94 0:*-22-34-* Def
0   0   22   37    0   0.000   0.000   0.000   E94 0:*-22-37-* Def
0   0   22   40    0   0.000   0.000   0.297   E94 0:*-22-40-* Def
0   0   22   41    0   0.000   0.000   0.000   E94 0:*-22-41-* Def
0   0   22   43    0   0.000   0.000   0.297   E94 0:*-22-43-* Def
5   0   22   43    0   0.000   0.000   0.297   E94 5:*-22-43-* Def
0   0   22   45    0   0.000   0.000   0.000   E94 0:*-22-45-* Def
0   0   25   25    0   0.000   0.000   0.267   E94 0:*-25-25-* Def
0   0   25   37    0   0.000   0.000   0.000   E94 0:*-25-37-* Def
5   0   25   37    0   0.000   0.000   0.000   E94 5:*-25-37-* Def
0   0   25   39    0   0.000   0.000   0.000   E94 0:*-25-39-* Def
0   0   25   40    0   0.000   0.000   0.316   E94 0:*-25-40-* Def
5   0   25   40    0   0.000   0.000   0.316   E94 5:*-25-40-* Def
0   0   25   43    0   0.000   0.000   0.250   C94 0:*-25-43-* Def
0   1   25   43    1  -2.686  -1.512   0.591   X94
0   1   25   43   28  -3.730  -0.531   0.000   X94
0  32   25   43    1   2.108   1.896   0.965   X94
0  32   25   43   28   2.977   0.732  -0.502   X94
0   0   25   57    0   0.000   0.000   0.000   E94 0:*-25-57-* Def
0   0   25   63    0   0.000   0.000   0.000   E94 0:*-25-63-* Def
0   0   26   26    0   0.000   0.000   0.600   E94 0:*-26-26-* Def
5   0   26   26    0   0.000   0.000   0.600   E94 5:*-26-26-* Def
0   0   26   34    0   0.000   0.000   0.316   E94 0:*-26-34-* Def
5   0   26   34    0   0.000   0.000   0.316   E94 5:*-26-34-* Def
0   0   26   37    0   0.000   1.423   0.000   E94 0:*-26-37-* Def
0   0   26   40    0   0.000   0.000   0.474   E94 0:*-26-40-* Def
0   0   30   30    0   0.000  12.000   0.000   E94 0:*-30-30-* Def
1   0   30   30    0   0.000   1.800   0.000   E94 1:*-30-30-* Def
4   0   30   30    0   0.000   1.800   0.000   E94 4:*-30-30-* Def
0   0   30   40    0   0.000   3.600   0.000   E94 0:*-30-40-* Def
1   0   30   67    0   0.000   1.800   0.000   E94 1:*-30-67-* Def
0   0   34   37    0   0.000   0.000   0.000   E94 0:*-34-37-* Def
0   0   34   43    0   0.000   0.000   0.250   E94 0:*-34-43-* Def
0   0   37   37    0   0.000   7.000   0.000   C94 0:*-37-37-* Def
1   0   37   37    0   0.000   2.000   0.000   #E94 1:*-37-37-* Def
4   0   37   37    0   0.000   6.000   0.000   E94 4:*-37-37-* Def
5   0   37   37    0   0.000   6.000   0.000   E94 5:*-37-37-* Def
0   1   37   37    5   0.000   7.000   0.000   C94
0   1   37   37   37   0.000   7.000   0.000   C94
0   2   37   37    5   0.000   7.000   0.000   C94
0   2   37   37   37   0.000   7.000   0.000   C94
0   3   37   37    5   0.000   7.000   0.000   C94
0   3   37   37   37   0.000   7.000   0.000   C94
0   5   37   37    5   0.000   7.000   0.000   C94
0   5   37   37    6   0.000   7.000   0.000   C94
0   5   37   37   15   0.000   7.000   0.000   C94
0   5   37   37   18   0.000   7.000   0.000   X94
0   5   37   37   37   0.000   7.000   0.000   C94
0   5   37   37   40   0.000   7.000   0.000   C94
0   5   37   37   43   0.000   7.000   0.000   X94
0   6   37   37   37   0.000   7.000   0.000   C94
0  15   37   37   37   0.000   7.000   0.000   C94
0  18   37   37   37   0.000   7.000   0.000   X94
0  37   37   37   37   0.000   7.000   0.000   C94
0  37   37   37   40   0.000   7.000   0.000   C94
0  37   37   37   43   0.000   7.000   0.000   X94
0   0   37   38    0   0.000   7.000   0.000   C94 0:*-37-38-* Def
0   0   37   39    0   0.000   3.600   0.000   E94 0:*-37-39-* Def
1   0   37   39    0   0.000   6.000   0.000   E94 1:*-37-39-* Def
0   0   37   40    0   0.000   4.000   0.000   C94 0:*-37-40-* Def
5   0   37   40    0   0.000   3.600   0.000   E94 5:*-37-40-* Def
0  37   37   40    1   0.000   4.095   0.382   C94S
0  37   37   40   28   0.698   2.542   3.072   C94S
0   0   37   41    0   0.000   1.800   0.000   E94 0:*-37-41-* Def
0   0   37   43    0   0.000   2.000   1.800   C94 0:*-37-43-* Def
5   0   37   43    0   0.000   3.600   0.000   E94 5:*-37-43-* Def
0  37   37   43   18   0.372   2.284   2.034   X94
0  37   37   43   28   0.000   1.694   1.508   X94
0   0   37   45    0   0.000   1.800   0.000   E94 0:*-37-45-* Def
0   0   37   46    0   0.000   1.800   0.000   E94 0:*-37-46-* Def
0   0   37   55    0   0.000   4.800   0.000   E94 0:*-37-55-* Def
0   0   37   56    0   0.000   4.800   0.000   E94 0:*-37-56-* Def
1   0   37   57    0   0.000   1.800   0.000   E94 1:*-37-57-* Def
0   0   37   58    0   0.000   6.000   0.000   E94 0:*-37-58-* Def
1   0   37   58    0   0.000   4.800   0.000   E94 1:*-37-58-* Def
0   0   37   62    0   0.000   3.600   0.000   E94 0:*-37-62-* Def
0   0   37   63    0   0.000   7.000   0.000   C94 0:*-37-63-* Def
1   0   37   63    0   0.000   1.800   0.000   E94 1:*-37-63-* Def
0   0   37   64    0   0.000   7.000   0.000   C94 0:*-37-64-* Def
1   0   37   64    0   0.000   1.800   0.000   E94 1:*-37-64-* Def
1   0   37   67    0   0.000   1.800   0.000   E94 1:*-37-67-* Def
0   0   37   69    0   0.000   7.000   0.000   C94 0:*-37-69-* Def
0   0   37   78    0   0.000   6.000   0.000   E94 0:*-37-78-* Def
0   0   37   81    0   0.000   6.000   0.000   E94 0:*-37-81-* Def
1   0   37   81    0   0.000   4.800   0.000   E94 1:*-37-81-* Def
0   0   38   38    0   0.000   7.000   0.000   C94 0:*-38-38-* Def
0   0   38   58    0   0.000   7.000   0.000   C94 0:*-38-58-* Def
0   0   38   63    0   0.000   7.000   0.000   C94 0:*-38-63-* Def
0   0   38   64    0   0.000   7.000   0.000   C94 0:*-38-64-* Def
0   0   38   69    0   0.000   6.000   0.000   E94 0:*-38-69-* Def
0   0   38   78    0   0.000   6.000   0.000   E94 0:*-38-78-* Def
0   0   39   40    0   0.000   0.000   0.000   E94 0:*-39-40-* Def
0   0   39   45    0   0.000   6.000   0.000   E94 0:*-39-45-* Def
0   0   39   63    0   0.000   4.000   0.000   C94 0:*-39-63-* Def
1   0   39   63    0   0.000   6.000   0.000   E94 1:*-39-63-* Def
5   0   39   63    0   0.000   3.600   0.000   E94 5:*-39-63-* Def
0   1   39   63    5   0.000   4.000   0.000   C94
0   1   39   63   64   0.000   4.000   0.000   C94
0  18   39   63    5   0.000   4.000   0.000   X94
0  18   39   63   64   0.000   4.000   0.000   X94
0  63   39   63    5   0.000   4.000   0.000   C94
0  63   39   63   64   0.000   4.000   0.000   C94
0   0   39   64    0   0.000   3.600   0.000   E94 0:*-39-64-* Def
1   0   39   64    0   0.000   6.000   0.000   E94 1:*-39-64-* Def
0   0   39   65    0   0.000   4.000   0.000   C94 0:*-39-65-* Def
0   0   39   78    0   0.000   3.600   0.000   E94 0:*-39-78-* Def
0   0   40   40    0   0.000   0.000   0.375   E94 0:*-40-40-* Def
0   0   40   45    0   0.000   3.600   0.000   E94 0:*-40-45-* Def
0   0   40   46    0   0.000   3.600   0.000   E94 0:*-40-46-* Def
0   0   40   54    0   0.000   3.600   0.000   E94 0:*-40-54-* Def
2   0   40   54    0   0.000   3.600   0.000   E94 2:*-40-54-* Def
0   0   40   63    0   0.000   3.600   0.000   E94 0:*-40-63-* Def
0   0   40   64    0   0.000   3.600   0.000   E94 0:*-40-64-* Def
0   0   40   78    0   0.000   3.600   0.000   E94 0:*-40-78-* Def
0   0   41   41    0   0.000   1.800   0.000   E94 0:*-41-41-* Def
0   0   41   55    0   0.000   4.800   0.000   E94 0:*-41-55-* Def
0   0   41   62    0   0.000   3.600   0.000   E94 0:*-41-62-* Def
0   0   41   80    0   0.000   1.800   0.000   E94 0:*-41-80-* Def
0   0   43   43    0   0.000   0.000   0.375   E94 0:*-43-43-* Def
0   0   43   45    0   0.000   3.600   0.000   E94 0:*-43-45-* Def
0   0   43   64    0   0.000   3.600   0.000   E94 0:*-43-64-* Def
0   0   44   57    0   0.000   7.000   0.000   C94 0:*-44-57-* Def
0   0   44   63    0   0.000   7.000   0.000   C94 0:*-44-63-* Def
0   0   44   65    0   0.000   7.000   0.000   C94 0:*-44-65-* Def
0   0   44   78    0   0.000   2.846   0.000   E94 0:*-44-78-* Def
0   0   44   80    0   0.000   2.846   0.000   E94 0:*-44-80-* Def
0   0   45   63    0   0.000   1.800   0.000   E94 0:*-45-63-* Def
0   0   45   64    0   0.000   1.800   0.000   E94 0:*-45-64-* Def
0   0   45   78    0   0.000   1.800   0.000   E94 0:*-45-78-* Def
0   0   55   57    0   0.000  10.000   0.000   C94 0:*-55-57-* Def
2   0   55   57    0   0.000   4.800   0.000   E94 2:*-55-57-* Def
5   0   55   57    0   0.000   4.800   0.000   E94 5:*-55-57-* Def
0   1   55   57    5   0.423  12.064   0.090   C94
0   1   55   57   55  -0.428  12.044   0.000   C94
0  36   55   57    5  -0.268   8.077  -0.806   C94
0  36   55   57   55   0.273   8.025   0.692   C94
0   0   55   62    0   0.000   3.600   0.000   E94 0:*-55-62-* Def
0   0   55   64    0   0.000   4.800   0.000   E94 0:*-55-64-* Def
0   0   55   80    0   0.000   4.800   0.000   E94 0:*-55-80-* Def
0   0   56   57    0   0.000   6.000   0.000   C94 0:*-56-57-* Def
0   1   56   57   56   0.000   6.886  -0.161   C94
0  36   56   57   56   0.000   4.688   0.107   C94
0   0   56   63    0   0.000   4.800   0.000   E94 0:*-56-63-* Def
0   0   56   80    0   0.000   4.800   0.000   E94 0:*-56-80-* Def
1   0   57   63    0   0.000   1.800   0.000   E94 1:*-57-63-* Def
1   0   57   64    0   0.000   1.800   0.000   E94 1:*-57-64-* Def
0   0   58   63    0   0.000   6.000   0.000   E94 0:*-58-63-* Def
0   0   58   64    0   0.000   6.000   0.000   E94 0:*-58-64-* Def
0   0   59   63    0   0.000   7.000   0.000   C94 0:*-59-63-* Def
0   0   59   65    0   0.000   7.000   0.000   C94 0:*-59-65-* Def
0   0   59   78    0   0.000   3.600   0.000   E94 0:*-59-78-* Def
0   0   59   80    0   0.000   3.600   0.000   E94 0:*-59-80-* Def
0   0   59   82    0   0.000   3.600   0.000   E94 0:*-59-82-* Def
0   0   62   63    0   0.000   3.600   0.000   E94 0:*-62-63-* Def
0   0   62   64    0   0.000   3.600   0.000   E94 0:*-62-64-* Def
1   0   63   63    0   0.000   1.800   0.000   E94 1:*-63-63-* Def
0   0   63   64    0   0.000   7.000   0.000   C94 0:*-63-64-* Def
0   5   63   64    5   0.000   7.000   0.000   C94
0   5   63   64   64   0.000   7.000   0.000   C94
0  39   63   64    5   0.000   7.000   0.000   C94
0  39   63   64   64   0.000   7.000   0.000   C94
0   0   63   66    0   0.000   7.000   0.000   C94 0:*-63-66-* Def
0   0   63   78    0   0.000   6.000   0.000   E94 0:*-63-78-* Def
0   0   63   81    0   0.000   6.000   0.000   E94 0:*-63-81-* Def
0   0   64   64    0   0.000   7.000   0.000   C94 0:*-64-64-* Def
1   0   64   64    0   0.000   1.800   0.000   E94 1:*-64-64-* Def
0   5   64   64    5   0.000   7.000   0.000   C94
0   5   64   64   63   0.000   7.000   0.000   C94
0  63   64   64   63   0.000   7.000   0.000   C94
0   0   64   65    0   0.000   7.000   0.000   C94 0:*-64-65-* Def
0   0   64   66    0   0.000   7.000   0.000   C94 0:*-64-66-* Def
0   0   64   78    0   0.000   6.000   0.000   E94 0:*-64-78-* Def
0   0   64   81    0   0.000   6.000   0.000   E94 0:*-64-81-* Def
5   0   64   81    0   0.000   6.000   0.000   E94 5:*-64-81-* Def
0   0   64   82    0   0.000   6.000   0.000   E94 0:*-64-82-* Def
0   0   65   66    0   0.000   7.000   0.000   C94 0:*-65-66-* Def
0   0   65   78    0   0.000   6.000   0.000   E94 0:*-65-78-* Def
0   0   65   81    0   0.000   6.000   0.000   E94 0:*-65-81-* Def
0   0   65   82    0   0.000   6.000   0.000   E94 0:*-65-82-* Def
0   0   66   66    0   0.000   7.000   0.000   C94 0:*-66-66-* Def
0   0   66   78    0   0.000   6.000   0.000   E94 0:*-66-78-* Def
0   0   66   81    0   0.000   6.000   0.000   E94 0:*-66-81-* Def
0   0   67   67    0   0.000  12.000   0.000   E94 0:*-67-67-* Def
5   0   67   67    0   0.000  12.000   0.000   E94 5:*-67-67-* Def
0   0   76   76    0   0.000   3.600   0.000   E94 0:*-76-76-* Def
0   0   76   78    0   0.000   3.600   0.000   E94 0:*-76-78-* Def
0   0   78   78    0   0.000   7.000   0.000   C94 0:*-78-78-* Def
0   0   78   79    0   0.000   6.000   0.000   E94 0:*-78-79-* Def
0   0   78   81    0   0.000   4.000   0.000   C94 0:*-78-81-* Def
0   0   79   79    0   0.000   6.000   0.000   E94 0:*-79-79-* Def
0   0   79   81    0   0.000   6.000   0.000   E94 0:*-79-81-* Def
0   0   80   81    0   0.000   4.000   0.000   C94 0:*-80-81-* Def
$
