#
# Open Babel file: qeq.txt
#
# Charge parameters for the QEq and QTPIE methods
# Used by OBChargeModel
#
# Parameters: (Slater exponent in Bohr as 0.4913(2n+1)/2R)
# Element       n       Xi      Hardness        SlaterExp  GaussianExp
H	1	4.528	6.9452 1.05115	5.3433752376E-01
He	1	9.66	14.92 0.29998	5.1560419225E-02
Li	2	3.006	2.386 0.41745	1.6683851914E-01
Be	2	4.877	4.443 0.52416	5.6402749889E-02
B	2	5.11	4.75 0.79071	1.2841387294E-01
C	2	5.343	5.063 0.85634	2.0688383826E-01
N	2	6.899	5.88 0.90904	2.2143979603E-01
O	2	8.741	6.682 0.97154	2.2396730863E-01
F	2	10.874	7.474 0.92063	2.3125759018E-01
Ne	2	11.04	10.55 0.36763	2.7743278965E-02
Na	3	2.843	2.296 0.43643	9.5892938713E-02
Mg	3	3.951	3.693 0.60663	3.8797784184E-02
Al	3	4.06	3.59 0.75766	6.0511562259E-02
Si	3	4.168	3.487 0.77376	1.0521960814E-01
P	3	5.463	4 0.82572	1.0847672166E-01
S	3	6.928	4.486 0.86910	1.1561835784E-01
Cl	3	8.564	4.946 0.91544	1.1371405062E-01
Ar	3	9.465	6.355 0.43166	1.9644305248E-02
K	4	2.421	1.92 0.45241	6.0223294378E-02
Ca	4	3.231	2.88 0.58497	2.1979266781E-02
Sc	4	3.395	3.08 0.66853	2.8712598613E-02
Ti	4	3.47	3.38 0.72802	3.4048932283E-02
V	4	3.65	3.41 0.79587	4.0687655852E-02
Cr	4	3.415	3.865 0.83447	4.4727631987E-02
Mn	4	3.325	4.105 0.76316	3.7413896595E-02
Fe	4	3.76	4.14 0.83986	4.5307073673E-02
Co	4	4.105	4.175 0.83210	4.4473658075E-02
Ni	4	4.465	4.205 0.83686	4.4983779626E-02
Cu	4	4.2	4.22 0.81585	4.2754915307E-02
Zn	4	5.106	4.285 0.83567	4.4855431590E-02
Ga	4	3.641	3.16 0.96609	5.9936644158E-02
Ge	4	4.051	3.438 0.98396	6.2173385868E-02
As	4	5.188	3.809 0.97170	6.0635058433E-02
Se	4	6.428	4.131 0.95583	5.8671206333E-02
Br	4	7.79	4.425 1.02536	7.0087547802E-02
Kr	4	8.505	5.715 0.51539	1.7051223775E-02
Rb	5	2.331	1.846 0.51622	4.1999054745E-02
Sr	5	3.024	2.44 0.59210	1.5145934744E-02
Y	5	3.83	2.81 0.71567	2.2162408586E-02
Zr	5	3.4	3.55 0.81338	2.8633388759E-02
Nb	5	3.55	3.38 0.89203	3.4437083379E-02
Mo	5	3.465	3.755 0.93459	3.7799619502E-02
Tc	5	3.29	3.99 0.95328	3.9325666305E-02
Ru	5	3.575	4.015 0.95328	3.9325666305E-02
Rh	5	3.975	4.005 0.94759	3.8858298508E-02
Pd	5	4.32	4 0.92611	3.7117669923E-02
Ag	5	4.436	3.134 0.88158	3.3635384451E-02
Cd	5	5.034	3.957 0.89370	3.4566281504E-02
In	5	3.506	2.896 1.01846	4.4882804120E-02
Sn	5	3.987	3.124 1.05607	4.8255851976E-02
Sb	5	4.899	3.342 1.01846	4.4882804120E-02
Te	5	5.816	3.526 1.03617	4.6456174054E-02
I	5	6.822	3.762 1.07271	6.8562697575E-02
Xe	5	7.595	4.975 0.58150	1.4605175337E-02
Cs	6	2.183	1.711 0.56632	3.0719481190E-02
Ba	6	2.814	2.396 0.69202	1.4886135220E-02
La	6	2.8355	2.7415 0.81598	2.0735241259E-02
Ce	6	2.774	2.692 0.87787	2.4007695548E-02
Pr	6	2.858	2.564 0.84200	2.2082528706E-02
Nd	6	2.8685	2.6205 0.84200	2.2082528706E-02
Pm	6	2.881	2.673 0.84495	2.2237733903E-02
Sm	6	2.9115	2.7195 0.85435	2.2736230345E-02
Eu	6	2.8785	2.7875 0.75882	1.7921239529E-02
Gd	6	3.1665	2.9745 0.85869	2.2968332849E-02
Tb	6	3.018	2.834 0.86484	2.3299249087E-02
Dy	6	3.0555	2.8715 0.87379	2.3784436748E-02
Ho	6	3.127	2.891 0.87787	2.4007695548E-02
Er	6	3.1865	2.9145 0.88245	2.4259440100E-02
Tm	6	3.2514	2.9329 0.84495	2.2237733903E-02
Yb	6	3.2889	2.965 0.78309	1.9091278187E-02
Lu	6	2.9629	2.4629 0.89130	2.4748715650E-02
Hf	6	3.7	3.4 0.96072	2.8756633072E-02
Ta	6	5.1	2.85 1.05290	3.4538204930E-02
W	6	4.63	3.31 1.09877	3.7610865871E-02
Re	6	3.96	3.92 1.05619	3.4754284673E-02
Os	6	5.14	3.63 0.99406	3.0787257286E-02
Ir	6	5	4 0.90563	2.5551746021E-02
Pt	6	4.79	4.43 1.08536	3.6699171465E-02
Au	6	4.894	2.586 1.04444	3.3985722812E-02
Hg	6	6.27	4.16 1.05619	3.4754284673E-02
Tl	6	3.2	2.9 1.10451	3.8004920090E-02
Pb3	6	3.9	3.53 1.17029	4.2662569013E-02
Bi	6	4.69	3.74 1.11618	3.8811815075E-02
Po	6	4.21	4.21 1.14183	4.0614059055E-02
At	6	4.75	4.75 1.14959	4.1168039779E-02
Rn	6	5.37	5.37 0.76814	1.8366075052E-02
Fr	7	2	2 0.84778	1.6871168570E-02
Ra	7	2.843	2.434 0.88631	1.8449851142E-02
Ac	7	2.835	2.835 0.92499	2.0103389697E-02
Th	7	3.175	2.905 0.96625	2.1942869123E-02
Pa	7	2.985	2.905 1.08327	2.7588779918E-02
U	7	3.341	2.853 1.13829	3.0462655262E-02
Np	7	3.549	2.717 1.08327	2.7588779918E-02
Pu	7	3.243	2.819 1.05972	2.6401638775E-02
Am	7	2.9895	3.0035 1.00406	2.3697955667E-02
Cm	7	2.8315	3.1895 1.02626	2.4758888705E-02
Bk	7	3.1935	3.0355 1.02626	2.4758888705E-02
Cf	7	3.197	3.101 1.02626	2.4758888705E-02
Es	7	3.333	3.089 1.02626	2.4758888705E-02
Fm	7	3.4	3.1 1.02626	2.4758888705E-02
Md	7	3.47	3.11 1.02626	2.4758888705E-02
No	7	3.475	3.175 1.02626	2.4758888705E-02
Lr	7	3.5	3.2 1.02626	2.4758888705E-02
