##############################################################################
#                                                                            #
#	                Open Babel file: isotope-small.txt                   #
#                                                                            #
#  Part of the Open Babel package, under the GNU General Public License (GPL)#
#                                                                            #
#  Small isotope table with most frequently-used isotopes (as default data)  #
#  (GRH currently trimmed up to atomic # 25 and #100+)                       #
#                                                                            #
#  This file has a series of lines, one for each element                     #
#   (i.e. line 0 = neutron, line 1 = hydrogen, line 2 = helium, etc.)        #
#  Each line: Atomic #, 0 then exact mass of most abundant isotope           #
#     then a list of isotopes as int, float pairs corresponding to masses    #
#                                                                            #
#  CAUTION: Masses have been zero-padded to 7 decimal places                 #
#   (we don't currently have a math package that can deal with sig. fig.)    #
#   so trailing zeros may not be significant and/or useful                   #
#                                                                            #
#  Values are from "The 1995 update to the atomic mass evaluation"           #
#                    by G.Audi and A.H.Wapstra                               #
#           Nuclear Physics A595 vol. 4 p.409-480, December 25, 1995.        #
#  as made available in the mass_rmd.mas95 file                              #
#                                                                            #
#  Currently: 110 lines (neutron, H to Mt)                                   #
#                                                                            #
##############################################################################
0 0 0.0000000 1 1.0086649
1 0 1.0078250 1 1.0078250 2 2.0141017 3 3.0160492
2 0 4.0026032 3 3.0160293 4 4.0026032 5 5.0122200 6 6.0188881 7 7.0280300 8 8.0339220 9 9.0438200 10 10.0524000
3 0 7.0160040 5 5.0125400 6 6.0151223 7 7.0160040 8 8.0224867 9 9.0267891 10 10.0354810 11 11.0437960
4 0 9.0121821 6 6.0197260 7 7.0169292 8 8.0053050 9 9.0121821 10 10.0135337 11 11.0216580 12 12.0269210 14 14.0428200
5 0 11.0093055 7 7.0299200 8 8.0246067 9 9.0133288 10 10.0129370 11 11.0093055 12 12.0143521 13 13.0177803 14 14.0254040 15 15.0310970 17 17.0469300 19 19.0637300
6 0 12.0000000 8 8.0376750 9 9.0310401 10 10.0168531 11 11.0114338 12 12.0000000 13 13.0033548 14 14.0032419 15 15.0105993 16 16.0147010 17 17.0225840 18 18.0267600 19 19.0352500 20 20.0403200
7 0 14.0030740 12 12.0186132 13 13.0057385 14 14.0030740 15 15.0001088 16 16.0061014 17 17.0084500 18 18.0140820 19 19.0170270 20 20.0233700 21 21.0270900 22 22.0344400 23 23.0405100
8 0 15.9949146 12 12.0344050 13 13.0248100 14 14.0085952 15 15.0030654 16 15.9949146 17 16.9991315 18 17.9991604 19 19.0035790 20 20.0040762 21 21.0086550 22 22.0099700 23 23.0156900 24 24.0203700
9 0 18.9984032 15 15.0180100 16 16.0114660 17 17.0020952 18 18.0009377 19 18.9984032 20 19.9999813 21 20.9999489 22 22.0029990 23 23.0035700 24 24.0081000 25 25.0120900 26 26.0196300 27 27.0268900
10 0 19.9924401 16 16.0257570 17 17.0177000 18 18.0056971 19 19.0018798 20 19.9924401 21 20.9938467 22 21.9913855 23 22.9944673 24 23.9936150 25 24.9977900 26 26.0004600 27 27.0076200 28 28.0121100 29 29.0193500
11 0 22.9897696 19 19.0138790 20 20.0073480 21 20.9976551 22 21.9944368 23 22.9897696 24 23.9909633 25 24.9899544 26 25.9925900 27 26.9940100 28 27.9988900 29 29.0028100 30 30.0092300 31 31.0136000 32 32.0196500 33 33.0273900 34 34.0349000 35 35.0441800
12 0 23.9850419 20 20.0188630 21 21.0117140 22 21.9995741 23 22.9941249 24 23.9850419 25 24.9858370 26 25.9825930 27 26.9843407 28 27.9838767 29 28.9885500 30 29.9904600 31 30.9965500 32 31.9991500 33 33.0055900
13 0 26.9815384 22 22.0195200 23 23.0072650 24 23.9999410 25 24.9904286 26 25.9868916 27 26.9815384 28 27.9819101 29 28.9804448 30 29.9829600 31 30.9839460 32 31.9881200 33 32.9908700 34 33.9969300 35 34.9999400 36 36.0063500
14 0 27.9769265 22 22.0345300 24 24.0115460 25 25.0041070 26 25.9923300 27 26.9867047 28 27.9769265 29 28.9764947 30 29.9737702 31 30.9753632 32 31.9741481 33 32.9780010 34 33.9785760 35 34.9845800 36 35.9866900 37 36.9930000 38 37.9959800 39 39.0023000
15 0 30.9737615 26 26.0117800 27 26.9991900 28 27.9923120 29 28.9818014 30 29.9783138 31 30.9737615 32 31.9739071 33 32.9717253 34 33.9736360 35 34.9733142 36 35.9782600 37 36.9796100 38 37.9844700 39 38.9864200 40 39.9910500 41 40.9948000 42 42.0000900
16 0 31.9720706 27 27.0188000 28 28.0043700 29 28.9966100 30 29.9849030 31 30.9795544 32 31.9720706 33 32.9714585 34 33.9678668 35 34.9690321 36 35.9670808 37 36.9711257 38 37.9711630 39 38.9751400 40 39.9754700 41 40.9800300 42 41.9814900 43 42.9866000 44 43.9883200
17 0 34.9688527 31 30.9924200 32 31.9856890 33 32.9774518 34 33.9737619 35 34.9688527 36 35.9683069 37 36.9659026 38 37.9680105 39 38.9680077 40 39.9704200 41 40.9706500 42 41.9731700 43 42.9742000 44 43.9785400 45 44.9797000 46 45.9841200 47 46.9879500
18 0 39.9623831 31 31.0121300 32 31.9976600 33 32.9899300 34 33.9802700 35 34.9752567 36 35.9675462 37 36.9667759 38 37.9627322 39 38.9643130 40 39.9623831 41 40.9645008 42 41.9630500 43 42.9656700 44 43.9653650 45 44.9680900 46 45.9680900 47 46.9721900
19 0 38.9637069 35 34.9880120 36 35.9812930 37 36.9733769 38 37.9690801 39 38.9637069 40 39.9639986 41 40.9618259 42 41.9624031 43 42.9607160 44 43.9615600 45 44.9607000 46 45.9619760 47 46.9616780 48 47.9655130 49 48.9674500 50 49.9727800 51 50.9763800 52 51.9826100 53 52.9871200 54 53.9939900
20 0 39.9625912 35 35.0047700 36 35.9930900 37 36.9858720 38 37.9763190 39 38.9707177 40 39.9625912 41 40.9622783 42 41.9586183 43 42.9587668 44 43.9554811 45 44.9561859 46 45.9536928 47 46.9545465 48 47.9525340 49 48.9556730 50 49.9575180 51 50.9614700 52 51.9651000 53 52.9700500
21 0 44.9559102 40 39.9779640 41 40.9692513 42 41.9655168 43 42.9611510 44 43.9594030 45 44.9559102 46 45.9551703 47 46.9524080 48 47.9522350 49 48.9500240 50 49.9521870 51 50.9536030 52 51.9566500 53 52.9592400 54 53.9630000 55 54.9674300
22 0 47.9479471 39 39.0013200 40 39.9905000 41 40.9831300 42 41.9730320 43 42.9685230 44 43.9596902 45 44.9581243 46 45.9526295 47 46.9517638 48 47.9479471 49 48.9478708 50 49.9447921 51 50.9466160 52 51.9468980 53 52.9497300 54 53.9508700 55 54.9551200 56 55.9579900 57 56.9629000 58 57.9661100
23 0 50.9439637 43 42.9806500 44 43.9744000 45 44.9657820 46 45.9601995 47 46.9549069 48 47.9522545 49 48.9485169 50 49.9471628 51 50.9439637 52 51.9447797 53 52.9443430 54 53.9464440 55 54.9472400 56 55.9503600 57 56.9523600 58 57.9566500 59 58.9593000 60 59.9645000 61 60.9674100
24 0 51.9405119 43 42.9977100 44 43.9854700 45 44.9791600 46 45.9683620 47 46.9629070 48 47.9540360 49 48.9513411 50 49.9460496 51 50.9447718 52 51.9405119 53 52.9406538 54 53.9388849 55 54.9408442 56 55.9406450 57 56.9437500 58 57.9442500 59 58.9486300 60 59.9497300 61 60.9540900 62 61.9558000 63 62.9618600
25 0 54.9380496 46 45.9867200 47 46.9761000 48 47.9688700 49 48.9596230 50 49.9542440 51 50.9482155 52 51.9455701 53 52.9412947 54 53.9403632 55 54.9380496 56 55.9389094 57 56.9382870 58 57.9399900 59 58.9404500 60 59.9431900 61 60.9444600 62 61.9479700 63 62.9498100 64 63.9537300 65 64.9561000 66 65.9608200
26 0 55.9349421 45 45.0145600 46 46.0008100 47 46.9928900 48 47.9805600 49 48.9736100 50 49.9629900 51 50.9568250 52 51.9481170 53 52.9453123 54 53.9396148 55 54.9382980 56 55.9349421 57 56.9353987 58 57.9332805 59 58.9348805 60 59.9340770 61 60.9367490 62 61.9367700 63 62.9401200 64 63.9408700 65 64.9449400 66 65.9459800 67 66.9500000 68 67.9525100 69 68.9577000
27 0 58.9332002 48 48.0017600 49 48.9897200 50 49.9815400 51 50.9707200 52 51.9635900 53 52.9542250 54 53.9484641 55 54.9420031 56 55.9398439 57 56.9362962 58 57.9357576 59 58.9332002 60 59.9338222 61 60.9324794 62 61.9340540 63 62.9336150 64 63.9358140 65 64.9364850 66 65.9398300 67 66.9406100 68 67.9443600 69 68.9452000 70 69.9498100 71 70.9517300 72 71.9564100
28 0 57.9353479 50 49.9959300 51 50.9877200 52 51.9756800 53 52.9684600 54 53.9579100 55 54.9513360 56 55.9421360 57 56.9398000 58 57.9353479 59 58.9343516 60 59.9307906 61 60.9310604 62 61.9283488 63 62.9296729 64 63.9279696 65 64.9300880 66 65.9291150 67 66.9315700 68 67.9318450 69 68.9351800 70 69.9361400 71 70.9400000 72 71.9413000 73 72.9460800 74 73.9479100 75 74.9529700 76 75.9553300 77 76.9608300 78 77.9638000
29 0 62.9296011 52 51.9971800 53 52.9855500 54 53.9767100 55 54.9660500 56 55.9585600 57 56.9492160 58 57.9445407 59 58.9395041 60 59.9373681 61 60.9334622 62 61.9325870 63 62.9296011 64 63.9297679 65 64.9277937 66 65.9288730 67 66.9277500 68 67.9296400 69 68.9294250 70 69.9324090 71 70.9326200 72 71.9355200 73 72.9364900 74 73.9402000 75 74.9417000 76 75.9459900 77 76.9479500 78 77.9528100 79 78.9552800 80 79.9618900
30 0 63.9291466 54 53.9929500 55 54.9839800 56 55.9723800 57 56.9649100 58 57.9546000 59 58.9492700 60 59.9418320 61 60.9395140 62 61.9343340 63 62.9332156 64 63.9291466 65 64.9292451 66 65.9260368 67 66.9271309 68 67.9248476 69 68.9265535 70 69.9253250 71 70.9277270 72 71.9268610 73 72.9297800 74 73.9294600 75 74.9329400 76 75.9333900 77 76.9370900 78 77.9385700 79 78.9426800 80 79.9444100 81 80.9504800 82 81.9548400
31 0 68.9255810 56 55.9949100 57 56.9829300 58 57.9742500 59 58.9633700 60 59.9570600 61 60.9491700 62 61.9441800 63 62.9391400 64 63.9368380 65 64.9327393 66 65.9315920 67 66.9282049 68 67.9279835 69 68.9255810 70 69.9260280 71 70.9247050 72 71.9263694 73 72.9251700 74 73.9269400 75 74.9265010 76 75.9289300 77 76.9292800 78 77.9316600 79 78.9329200 80 79.9365900 81 80.9377500 82 81.9431600 83 82.9468700 84 83.9523400
32 0 73.9211782 58 57.9910100 59 58.9817500 60 59.9701900 61 60.9637900 62 61.9546500 63 62.9496400 64 63.9415700 65 64.9394400 66 65.9338500 67 66.9327380 68 67.9280970 69 68.9279720 70 69.9242504 71 70.9249540 72 71.9220762 73 72.9234594 74 73.9211782 75 74.9228595 76 75.9214027 77 76.9235485 78 77.9228530 79 78.9254000 80 79.9254450 81 80.9288200 82 81.9295500 83 82.9345100 84 83.9373100 85 84.9426900 86 85.9462700
33 0 74.9215964 60 59.9931300 61 60.9806200 62 61.9732000 63 62.9636900 64 63.9575700 65 64.9494800 66 65.9443700 67 66.9391900 68 67.9367900 69 68.9322800 70 69.9309300 71 70.9271150 72 71.9267530 73 72.9238250 74 73.9239291 75 74.9215964 76 75.9223939 77 76.9206477 78 77.9218290 79 78.9209480 80 79.9225780 81 80.9221330 82 81.9245000 83 82.9249800 84 83.9290600 85 84.9318100 86 85.9362300 87 86.9395800 88 87.9445600 89 88.9492300
34 0 79.9165218 65 64.9646600 66 65.9552100 67 66.9500900 68 67.9418700 69 68.9395600 70 69.9335000 71 70.9322700 72 71.9271120 73 72.9267670 74 73.9224766 75 74.9225236 76 75.9192141 77 76.9199146 78 77.9173095 79 78.9184998 80 79.9165218 81 80.9179929 82 81.9167000 83 82.9191190 84 83.9184650 85 84.9222400 86 85.9242710 87 86.9285200 88 87.9314200 89 88.9360200 90 89.9394200 91 90.9453700 92 91.9493300
35 0 78.9183376 67 66.9647900 68 67.9582500 69 68.9501800 70 69.9446200 71 70.9392500 72 71.9365000 73 72.9317900 74 73.9298910 75 74.9257760 76 75.9245420 77 76.9213800 78 77.9211460 79 78.9183376 80 79.9185300 81 80.9162910 82 81.9168050 83 82.9151800 84 83.9165040 85 84.9156080 86 85.9187970 87 86.9207110 88 87.9240700 89 88.9263900 90 89.9306300 91 90.9339700 92 91.9392600 93 92.9431000 94 93.9486800
36 0 83.9115070 69 68.9653200 70 69.9560100 71 70.9505100 72 71.9419100 73 72.9389300 74 73.9332600 75 74.9310340 76 75.9259480 77 76.9246680 78 77.9203860 79 78.9200830 80 79.9163780 81 80.9165920 82 81.9134846 83 82.9141360 84 83.9115070 85 84.9125270 86 85.9106103 87 86.9133543 88 87.9144470 89 88.9176300 90 89.9195240 91 90.9234400 92 91.9261530 93 92.9312700 94 93.9343600 95 94.9398400 96 95.9430700 97 96.9485600
37 0 84.9117893 71 70.9653200 72 71.9590800 73 72.9503700 74 73.9444700 75 74.9385690 76 75.9350710 77 76.9304070 78 77.9281410 79 78.9239970 80 79.9225190 81 80.9189940 82 81.9182080 83 82.9151120 84 83.9143850 85 84.9117893 86 85.9111671 87 86.9091835 88 87.9113190 89 88.9122800 90 89.9148090 91 90.9165340 92 91.9197250 93 92.9220330 94 93.9264070 95 94.9293190 96 95.9342840 97 96.9373400 98 97.9417000 99 98.9454200 100 99.9498700 101 100.9532000 102 101.9592100
38 0 87.9056143 73 72.9659700 74 73.9563100 75 74.9499200 76 75.9416100 77 76.9377600 78 77.9321790 79 78.9297070 80 79.9245250 81 80.9232130 82 81.9184010 83 82.9175550 84 83.9134250 85 84.9129330 86 85.9092624 87 86.9088793 88 87.9056143 89 88.9074529 90 89.9077376 91 90.9102100 92 91.9110300 93 92.9140220 94 93.9153600 95 94.9193580 96 95.9216800 97 96.9261490 98 97.9284710 99 98.9333200 100 99.9353500 101 100.9405200 102 101.9430200 103 102.9489500 104 103.9523300
39 0 88.9058479 77 76.9496200 78 77.9435000 79 78.9373500 80 79.9343400 81 80.9291300 82 81.9267900 83 82.9223500 84 83.9203900 85 84.9164270 86 85.9148880 87 86.9108778 88 87.9095034 89 88.9058479 90 89.9071514 91 90.9073030 92 91.9089470 93 92.9095820 94 93.9115940 95 94.9128240 96 95.9158980 97 96.9181310 98 97.9222200 99 98.9246350 100 99.9277600 101 100.9303100 102 101.9335600 103 102.9369400 104 103.9414500 105 104.9450900 106 105.9502200
40 0 89.9047037 79 78.9491600 80 79.9405500 81 80.9368200 82 81.9310900 83 82.9286500 84 83.9232500 85 84.9214700 86 85.9164700 87 86.9148170 88 87.9102260 89 88.9088890 90 89.9047037 91 90.9056450 92 91.9050401 93 92.9064756 94 93.9063158 95 94.9080427 96 95.9082760 97 96.9109510 98 97.9127460 99 98.9165110 100 99.9177600 101 100.9211400 102 101.9229800 103 102.9266000 104 103.9287800 105 104.9330500 106 105.9359100 107 106.9408600 108 107.9442800
41 0 92.9063775 81 80.9490500 82 81.9431300 83 82.9367000 84 83.9335700 85 84.9279100 86 85.9250400 87 86.9203600 88 87.9179600 89 88.9135000 90 89.9112640 91 90.9069910 92 91.9071932 93 92.9063775 94 93.9072835 95 94.9068352 96 95.9081000 97 96.9080971 98 97.9103310 99 98.9116180 100 99.9141810 101 100.9152520 102 101.9180400 103 102.9191400 104 103.9224600 105 104.9239300 106 105.9281900 107 106.9303100 108 107.9350100 109 108.9376300 110 109.9426800
42 0 97.9054078 83 82.9487400 84 83.9400900 85 84.9365900 86 85.9307000 87 86.9273300 88 87.9219530 89 88.9194810 90 89.9139360 91 90.9117510 92 91.9068100 93 92.9068120 94 93.9050876 95 94.9058415 96 95.9046789 97 96.9060210 98 97.9054078 99 98.9077116 100 99.9074770 101 100.9103470 102 101.9102970 103 102.9132000 104 103.9137600 105 104.9169700 106 105.9181340 107 106.9216900 108 107.9235800 109 108.9278100 110 109.9297300 111 110.9345100 112 111.9368400 113 112.9420300
43 0 97.9072160 85 84.9489400 86 85.9428800 87 86.9365300 88 87.9328300 89 88.9275400 90 89.9235600 91 90.9184300 92 91.9152600 93 92.9102480 94 93.9096560 95 94.9076560 96 95.9078710 97 96.9063650 98 97.9072160 99 98.9062546 100 99.9076576 101 100.9073140 102 101.9092130 103 102.9091790 104 103.9114400 105 104.9116600 106 105.9143550 107 106.9150800 108 107.9184800 109 108.9196300 110 109.9233900 111 110.9250500 112 111.9292400 113 112.9313300 114 113.9358800 115 114.9382800
44 0 101.9043495 87 86.9491800 88 87.9404200 89 88.9361100 90 89.9297800 91 90.9263800 92 91.9201200 93 92.9170500 94 93.9113600 95 94.9104130 96 95.9075980 97 96.9075550 98 97.9052870 99 98.9059393 100 99.9042197 101 100.9055822 102 101.9043495 103 102.9063237 104 103.9054300 105 104.9077500 106 105.9073270 107 106.9099100 108 107.9101900 109 108.9132000 110 109.9139700 111 110.9175600 112 111.9185500 113 112.9225400 114 113.9240000 115 114.9283100 116 115.9301600 117 116.9347900 118 117.9370300
45 0 102.9055040 89 88.9493800 90 89.9428700 91 90.9365500 92 91.9319800 93 92.9257400 94 93.9217000 95 94.9159000 96 95.9145180 97 96.9113400 98 97.9107160 99 98.9081320 100 99.9081170 101 100.9061640 102 101.9068430 103 102.9055040 104 103.9066550 105 104.9056920 106 105.9072850 107 106.9067510 108 107.9087300 109 108.9087360 110 109.9109500 111 110.9116600 112 111.9146100 113 112.9154200 114 113.9188500 115 114.9201200 116 115.9237100 117 116.9253500 118 117.9294300 119 118.9313600 120 119.9357800 121 120.9380800
46 0 105.9034830 91 90.9494800 92 91.9404200 93 92.9359100 94 93.9287700 95 94.9246900 96 95.9182200 97 96.9164800 98 97.9127210 99 98.9117680 100 99.9085050 101 100.9082890 102 101.9056080 103 102.9060870 104 103.9040350 105 104.9050840 106 105.9034830 107 106.9051280 108 107.9038940 109 108.9059540 110 109.9051520 111 110.9076400 112 111.9073130 113 112.9101500 114 113.9103650 115 114.9136800 116 115.9141600 117 116.9178400 118 117.9189800 119 118.9226800 120 119.9240300 121 120.9281800 122 121.9298000 123 122.9342600
47 0 106.9050930 94 93.9427800 95 94.9354800 96 95.9306800 97 96.9240000 98 97.9217600 99 98.9176000 100 99.9160700 101 100.9128000 102 101.9120000 103 102.9089720 104 103.9086280 105 104.9065280 106 105.9066660 107 106.9050930 108 107.9059540 109 108.9047560 110 109.9061100 111 110.9052950 112 111.9070040 113 112.9065660 114 113.9088080 115 114.9087600 116 115.9113600 117 116.9116800 118 117.9145800 119 118.9156700 120 119.9187900 121 120.9198500 122 121.9233200 123 122.9249000 124 123.9285300 125 124.9305400 126 125.9345000 127 126.9368800
48 0 113.9033581 96 95.9397700 97 96.9349400 98 97.9275800 99 98.9250100 100 99.9202300 101 100.9186800 102 101.9147800 103 102.9134190 104 103.9098480 105 104.9094680 106 105.9064580 107 106.9066140 108 107.9041830 109 108.9049860 110 109.9030060 111 110.9041820 112 111.9027572 113 112.9044009 114 113.9033581 115 114.9054310 116 115.9047550 117 116.9072180 118 117.9069140 119 118.9099200 120 119.9098510 121 120.9129800 122 121.9135000 123 122.9170000 124 123.9176500 125 124.9212500 126 125.9223500 127 126.9264300 128 127.9277600 129 128.9322600 130 129.9339800
49 0 114.9038780 98 97.9422400 99 98.9346100 100 99.9311500 101 100.9265600 102 101.9247100 103 102.9199140 104 103.9183400 105 104.9146730 106 105.9134610 107 106.9102920 108 107.9097200 109 108.9071540 110 109.9071690 111 110.9051110 112 111.9055330 113 112.9040610 114 113.9049170 115 114.9038780 116 115.9052600 117 116.9045160 118 117.9063550 119 118.9058460 120 119.9079600 121 120.9078490 122 121.9102800 123 122.9104390 124 123.9131800 125 124.9136000 126 125.9164600 127 126.9173400 128 127.9201700 129 128.9216600 130 129.9248500 131 130.9267700 132 131.9329200 133 132.9383400 134 133.9446600
50 0 119.9021966 100 99.9389500 101 100.9360600 102 101.9304900 103 102.9281300 104 103.9231900 105 104.9213900 106 105.9168800 107 106.9156700 108 107.9119700 109 108.9112870 110 109.9078530 111 110.9077350 112 111.9048210 113 112.9051730 114 113.9027820 115 114.9033460 116 115.9017440 117 116.9029540 118 117.9016060 119 118.9033090 120 119.9021966 121 120.9042369 122 121.9034401 123 122.9057219 124 123.9052746 125 124.9077849 126 125.9076540 127 126.9103510 128 127.9105350 129 128.9134400 130 129.9138500 131 130.9169200 132 131.9177440 133 132.9238100 134 133.9284600 135 134.9347300 136 135.9393400 137 136.9457900
51 0 120.9038180 103 102.9401200 104 103.9362900 105 104.9315300 106 105.9287600 107 106.9241500 108 107.9221600 109 108.9181360 110 109.9167600 111 110.9132100 112 111.9123950 113 112.9093780 114 113.9091000 115 114.9065990 116 115.9067970 117 116.9048400 118 117.9055320 119 118.9039460 120 119.9050740 121 120.9038180 122 121.9051754 123 122.9042157 124 123.9059375 125 124.9052480 126 125.9072500 127 126.9069150 128 127.9091670 129 128.9091500 130 129.9115460 131 130.9119500 132 131.9144130 133 132.9152400 134 133.9205500 135 134.9251700 136 135.9306600 137 136.9353100 138 137.9409600 139 138.9457100
52 0 129.9062228 106 105.9377000 107 106.9350400 108 107.9294900 109 108.9274600 110 109.9224100 111 110.9211200 112 111.9170600 113 112.9159300 114 113.9120600 115 114.9115800 116 115.9084200 117 116.9086340 118 117.9058250 119 118.9064080 120 119.9040200 121 120.9049300 122 121.9030471 123 122.9042730 124 123.9028195 125 124.9044247 126 125.9033055 127 126.9052170 128 127.9044614 129 128.9065960 130 129.9062228 131 130.9085219 132 131.9085240 133 132.9109400 134 133.9115400 135 134.9164500 136 135.9201000 137 136.9253200 138 137.9292200 139 138.9347300 140 139.9387000 141 140.9443900 142 141.9485000
53 0 126.9044680 108 107.9432900 109 108.9381900 110 109.9352100 111 110.9302800 112 111.9279700 113 112.9236400 114 113.9218500 115 114.9179200 116 115.9167400 117 116.9136500 118 117.9133800 119 118.9101800 120 119.9100480 121 120.9073660 122 121.9075920 123 122.9055980 124 123.9062114 125 124.9046241 126 125.9056190 127 126.9044680 128 127.9058050 129 128.9049870 130 129.9066740 131 130.9061242 132 131.9079950 133 132.9078060 134 133.9098770 135 134.9100500 136 135.9146600 137 136.9178730 138 137.9223800 139 138.9260900 140 139.9312100 141 140.9348300 142 141.9401800 143 142.9440700 144 143.9496100
54 0 131.9041545 110 109.9444800 111 110.9416300 112 111.9356700 113 112.9333800 114 113.9281500 115 114.9265400 116 115.9217400 117 116.9205600 118 117.9165700 119 118.9155500 120 119.9121500 121 120.9113860 122 121.9085500 123 122.9084710 124 123.9058958 125 124.9063982 126 125.9042690 127 126.9051800 128 127.9035304 129 128.9047795 130 129.9035079 131 130.9050819 132 131.9041545 133 132.9059060 134 133.9053945 135 134.9072070 136 135.9072200 137 136.9115630 138 137.9139900 139 138.9187870 140 139.9216400 141 140.9266500 142 141.9297000 143 142.9348900 144 143.9382300 145 144.9436700 146 145.9473000 147 146.9530100
55 0 132.9054470 112 111.9503300 113 112.9445400 114 113.9414200 115 114.9359400 116 115.9329100 117 116.9286400 118 117.9265550 119 118.9223710 120 119.9206780 121 120.9171840 122 121.9161220 123 122.9129900 124 123.9122460 125 124.9097250 126 125.9094480 127 126.9074180 128 127.9077480 129 128.9060630 130 129.9067060 131 130.9054600 132 131.9064300 133 132.9054470 134 133.9067130 135 134.9059720 136 135.9073060 137 136.9070840 138 137.9110110 139 138.9133580 140 139.9172770 141 140.9200440 142 141.9242920 143 142.9273300 144 143.9320300 145 144.9353900 146 145.9401600 147 146.9438600 148 147.9489000 149 148.9527200 150 149.9579700 151 150.9620000
56 0 137.9052410 114 113.9509400 115 114.9477100 116 115.9416800 117 116.9388600 118 117.9334400 119 118.9310500 120 119.9260500 121 120.9244900 122 121.9202600 123 122.9188500 124 123.9150880 125 124.9146200 126 125.9112440 127 126.9111200 128 127.9083090 129 128.9086740 130 129.9063100 131 130.9069310 132 131.9050560 133 132.9060020 134 133.9045030 135 134.9056830 136 135.9045700 137 136.9058210 138 137.9052410 139 138.9088350 140 139.9105990 141 140.9144060 142 141.9164480 143 142.9206170 144 143.9229400 145 144.9269200 146 145.9301100 147 146.9339900 148 147.9376800 149 148.9424600 150 149.9456200 151 150.9507000 152 151.9541600 153 152.9596100
57 0 138.9063480 117 116.9500100 118 117.9465700 119 118.9409900 120 119.9380700 121 120.9330100 122 121.9307100 123 122.9262400 124 123.9245300 125 124.9206700 126 125.9193700 127 126.9161600 128 127.9154500 129 128.9126700 130 129.9123200 131 130.9101100 132 131.9101100 133 132.9084000 134 133.9084900 135 134.9069710 136 135.9076500 137 136.9064700 138 137.9071070 139 138.9063480 140 139.9094730 141 140.9109570 142 141.9140740 143 142.9160590 144 143.9195900 145 144.9216400 146 145.9257000 147 146.9278200 148 147.9321900 149 148.9343700 150 149.9385700 151 150.9415600 152 151.9461100 153 152.9494500 154 153.9544000 155 154.9581300
58 0 139.9054340 119 118.9527600 120 119.9466400 121 120.9436700 122 121.9380100 123 122.9355100 124 123.9305200 125 124.9285400 126 125.9241000 127 126.9227500 128 127.9188700 129 128.9180900 130 129.9146900 131 130.9144200 132 131.9114900 133 132.9115500 134 133.9090300 135 134.9091460 136 135.9071400 137 136.9077800 138 137.9059860 139 138.9066470 140 139.9054340 141 140.9082710 142 141.9092400 143 142.9123810 144 143.9136430 145 144.9172300 146 145.9186900 147 146.9225100 148 147.9243900 149 148.9282900 150 149.9302300 151 150.9340400 152 151.9363800 153 152.9405800 154 153.9433200 155 154.9480400 156 155.9512600 157 156.9563400
59 0 140.9076480 121 120.9553600 122 121.9516500 123 122.9459600 124 123.9429600 125 124.9378300 126 125.9353100 127 126.9308300 128 127.9288000 129 128.9248600 130 129.9233800 131 130.9200600 132 131.9191200 133 132.9162000 134 133.9156700 135 134.9131400 136 135.9126500 137 136.9106800 138 137.9107490 139 138.9089320 140 139.9090710 141 140.9076480 142 141.9100400 143 142.9108120 144 143.9133010 145 144.9145070 146 145.9175900 147 146.9189800 148 147.9221800 149 148.9237910 150 149.9270000 151 150.9282300 152 151.9316000 153 152.9336500 154 153.9373900 155 154.9399900 156 155.9441200 157 156.9471700 158 157.9517800 159 158.9552300
60 0 141.9077190 126 125.9430700 127 126.9405000 128 127.9353900 129 128.9332500 130 129.9287800 131 130.9271000 132 131.9231200 133 132.9222100 134 133.9186500 135 134.9182400 136 135.9150200 137 136.9146400 138 137.9119300 139 138.9119200 140 139.9093100 141 140.9096050 142 141.9077190 143 142.9098100 144 143.9100830 145 144.9125690 146 145.9131120 147 146.9160960 148 147.9168890 149 148.9201440 150 149.9208870 151 150.9238250 152 151.9246800 153 152.9276950 154 153.9294800 155 154.9326300 156 155.9352000 157 156.9392700 158 157.9418700 159 158.9463900 160 159.9493900 161 160.9543300
61 0 144.9127440 128 127.9482600 129 128.9431600 130 129.9404500 131 130.9358000 132 131.9337500 133 132.9297200 134 133.9284900 135 134.9246200 136 135.9234500 137 136.9207100 138 137.9194500 139 138.9167600 140 139.9158000 141 140.9136070 142 141.9129500 143 142.9109280 144 143.9125860 145 144.9127440 146 145.9146920 147 146.9151340 148 147.9174680 149 148.9183290 150 149.9209790 151 150.9212030 152 151.9234900 153 152.9241130 154 153.9265500 155 154.9281000 156 155.9310600 157 156.9332000 158 157.9366900 159 158.9391300 160 159.9429900 161 160.9458600 162 161.9502900 163 162.9535200
62 0 151.9197280 130 129.9486300 131 130.9458900 132 131.9408200 133 132.9387300 134 133.9340200 135 134.9323500 136 135.9283000 137 136.9270500 138 137.9235400 139 138.9223020 140 139.9189910 141 140.9184690 142 141.9151930 143 142.9146240 144 143.9119950 145 144.9134060 146 145.9130370 147 146.9148930 148 147.9148180 149 148.9171800 150 149.9172710 151 150.9199280 152 151.9197280 153 152.9220940 154 153.9222050 155 154.9246360 156 155.9255260 157 156.9283500 158 157.9299900 159 158.9332000 160 159.9351400 161 160.9388300 162 161.9412200 163 162.9453600 164 163.9482800 165 164.9529800
63 0 152.9212260 132 131.9541600 133 132.9489000 134 133.9463200 135 134.9417200 136 135.9395000 137 136.9352100 138 137.9334500 139 138.9298400 140 139.9280800 141 140.9248900 142 141.9234000 143 142.9202870 144 143.9187740 145 144.9162610 146 145.9172000 147 146.9167410 148 147.9181540 149 148.9179260 150 149.9196980 151 150.9198460 152 151.9217400 153 152.9212260 154 153.9229750 155 154.9228890 156 155.9247510 157 156.9254190 158 157.9278400 159 158.9290840 160 159.9319700 161 160.9336800 162 161.9370400 163 162.9392100 164 163.9429900 165 164.9457200 166 165.9499700 167 166.9530500
64 0 157.9241010 136 135.9470700 137 136.9446500 138 137.9399700 139 138.9380800 140 139.9339500 141 140.9322100 142 141.9282300 143 142.9267400 144 143.9227900 145 144.9216900 146 145.9183050 147 146.9190890 148 147.9181100 149 148.9193360 150 149.9186550 151 150.9203440 152 151.9197880 153 152.9217460 154 153.9208620 155 154.9226190 156 155.9221200 157 156.9239570 158 157.9241010 159 158.9263850 160 159.9270510 161 160.9296660 162 161.9309810 163 162.9339900 164 163.9358600 165 164.9393800 166 165.9416000 167 166.9455700 168 167.9483600 169 168.9528700
65 0 158.9253430 138 137.9528700 139 138.9480300 140 139.9455400 141 140.9411600 142 141.9388600 143 142.9347500 144 143.9325300 145 144.9288800 146 145.9271800 147 146.9240370 148 147.9243000 149 148.9232420 150 149.9236540 151 150.9230980 152 151.9240700 153 152.9234310 154 153.9246900 155 154.9235000 156 155.9247440 157 156.9240210 158 157.9254100 159 158.9253430 160 159.9271640 161 160.9275660 162 161.9294800 163 162.9306440 164 163.9333500 165 164.9348800 166 165.9380500 167 166.9400500 168 167.9436400 169 168.9462200 170 169.9502500 171 170.9533000
66 0 163.9291710 140 139.9537900 141 140.9511900 142 141.9462700 143 142.9438300 144 143.9390700 145 144.9369500 146 145.9327200 147 146.9308800 148 147.9271800 149 148.9273340 150 149.9255800 151 150.9261800 152 151.9247140 153 152.9257610 154 153.9244220 155 154.9257490 156 155.9242780 157 156.9254610 158 157.9244050 159 158.9257360 160 159.9251940 161 160.9269300 162 161.9267950 163 162.9287280 164 163.9291710 165 164.9317000 166 165.9328030 167 166.9356500 168 167.9372300 169 168.9403000 170 169.9426700 171 170.9464800 172 171.9491100 173 172.9534400
67 0 164.9303190 142 141.9598600 143 142.9546900 144 143.9516400 145 144.9468800 146 145.9441000 147 146.9398400 148 147.9372700 149 148.9337900 150 149.9333500 151 150.9316810 152 151.9317400 153 152.9301950 154 153.9305960 155 154.9290790 156 155.9297100 157 156.9281900 158 157.9289500 159 158.9277090 160 159.9287260 161 160.9278520 162 161.9290920 163 162.9287300 164 163.9302310 165 164.9303190 166 165.9322810 167 166.9331260 168 167.9355000 169 168.9368680 170 169.9396100 171 170.9414600 172 171.9448200 173 172.9472900 174 173.9511500 175 174.9540500
68 0 165.9302900 144 143.9605900 145 144.9574600 146 145.9521200 147 146.9493100 148 147.9444400 149 148.9421700 150 149.9377600 151 150.9374600 152 151.9350800 153 152.9350930 154 153.9327770 155 154.9332000 156 155.9310200 157 156.9319500 158 157.9299100 159 158.9306810 160 159.9290800 161 160.9300010 162 161.9287750 163 162.9300290 164 163.9291970 165 164.9307230 166 165.9302900 167 166.9320450 168 167.9323680 169 168.9345880 170 169.9354600 171 170.9380260 172 171.9393520 173 172.9424000 174 173.9443400 175 174.9479300 176 175.9502900 177 176.9543700
69 0 168.9342110 146 145.9665000 147 146.9610800 148 147.9575500 149 148.9526500 150 149.9496700 151 150.9454300 152 151.9443000 153 152.9420280 154 153.9414200 155 154.9391920 156 155.9390100 157 156.9367600 158 157.9370000 159 158.9348100 160 159.9350900 161 160.9334000 162 161.9339700 163 162.9326480 164 163.9334510 165 164.9324320 166 165.9335530 167 166.9328490 168 167.9341700 169 168.9342110 170 169.9357980 171 170.9364260 172 171.9383960 173 172.9396000 174 173.9421600 175 174.9438300 176 175.9469900 177 176.9490400 178 177.9526400 179 178.9553400
70 0 173.9388581 148 147.9667600 149 148.9634800 150 149.9579900 151 150.9552500 152 151.9501700 153 152.9492100 154 153.9462400 155 154.9457900 156 155.9428500 157 156.9426600 158 157.9398580 159 158.9401500 160 159.9375600 161 160.9378500 162 161.9357500 163 162.9362700 164 163.9345200 165 164.9353980 166 165.9338800 167 166.9349470 168 167.9338940 169 168.9351870 170 169.9347590 171 170.9363220 172 171.9363777 173 172.9382068 174 173.9388581 175 174.9412725 176 175.9425680 177 176.9452570 178 177.9466430 179 178.9501700 180 179.9523300 181 180.9561500
71 0 174.9407679 150 149.9726700 151 150.9671500 152 151.9636100 153 152.9586900 154 153.9571000 155 154.9542300 156 155.9529100 157 156.9501020 158 157.9491700 159 158.9466200 160 159.9460200 161 160.9435400 162 161.9432200 163 162.9412000 164 163.9412200 165 164.9396100 166 165.9397600 167 166.9383100 168 167.9387000 169 168.9376490 170 169.9384720 171 170.9379100 172 171.9390820 173 172.9389270 174 173.9403335 175 174.9407679 176 175.9426824 177 176.9437550 178 177.9459510 179 178.9473240 180 179.9498800 181 180.9519700 182 181.9552100 183 182.9575700 184 183.9611700
72 0 179.9465488 154 153.9642500 155 154.9627600 156 155.9592500 157 156.9581300 158 157.9546500 159 158.9540000 160 159.9507100 161 160.9503300 162 161.9472030 163 162.9470600 164 163.9444200 165 164.9445400 166 165.9422500 167 166.9426000 168 167.9406300 169 168.9411600 170 169.9396500 171 170.9404900 172 171.9394600 173 172.9406500 174 173.9400400 175 174.9415030 176 175.9414018 177 176.9432200 178 177.9436977 179 178.9458151 180 179.9465488 181 180.9490991 182 181.9505530 183 182.9535300 184 183.9554500 185 184.9587800 186 185.9609200
73 0 180.9479960 156 155.9716900 157 156.9681500 158 157.9663700 159 158.9629100 160 159.9613600 161 160.9583700 162 161.9571500 163 162.9543200 164 163.9535700 165 164.9508200 166 165.9504700 167 166.9479700 168 167.9477900 169 168.9459200 170 169.9460900 171 170.9444600 172 171.9447400 173 172.9435400 174 173.9441700 175 174.9436500 176 175.9447400 177 176.9444720 178 177.9457500 179 178.9459340 180 179.9474660 181 180.9479960 182 181.9501520 183 182.9513730 184 183.9540090 185 184.9555590 186 185.9585500 187 186.9604100 188 187.9637100
74 0 183.9509326 158 157.9739400 159 158.9722800 160 159.9683700 161 160.9670900 162 161.9633400 163 162.9625300 164 163.9589800 165 164.9583400 166 165.9550200 167 166.9546700 168 167.9518600 169 168.9517600 170 169.9492900 171 170.9494600 172 171.9474200 173 172.9478300 174 173.9461600 175 174.9467700 176 175.9455900 177 176.9466200 178 177.9458500 179 178.9470720 180 179.9467060 181 180.9481980 182 181.9482060 183 182.9502245 184 183.9509326 185 184.9534206 186 185.9543620 187 186.9571580 188 187.9584870 189 188.9619100 190 189.9631800
75 0 186.9557508 160 159.9814900 161 160.9776600 162 161.9757100 163 162.9719700 164 163.9703200 165 164.9670500 166 165.9658000 167 166.9625600 168 167.9616100 169 168.9588300 170 169.9581600 171 170.9555500 172 171.9552900 173 172.9530600 174 173.9531100 175 174.9513900 176 175.9515700 177 176.9502700 178 177.9508500 179 178.9499800 180 179.9507900 181 180.9500650 182 181.9512100 183 182.9508210 184 183.9525240 185 184.9529557 186 185.9549870 187 186.9557508 188 187.9581123 189 188.9592280 190 189.9618200 191 190.9631240 192 191.9659600
76 0 191.9614790 162 161.9838200 163 162.9820500 164 163.9779300 165 164.9764800 166 165.9725300 167 166.9715500 168 167.9678300 169 168.9670800 170 169.9635700 171 170.9630400 172 171.9600800 173 172.9597900 174 173.9571200 175 174.9570800 176 175.9549500 177 176.9550500 178 177.9533500 179 178.9539500 180 179.9523500 181 180.9532700 182 181.9521860 183 182.9531100 184 183.9524910 185 184.9540430 186 185.9538380 187 186.9557479 188 187.9558360 189 188.9581449 190 189.9584450 191 190.9609280 192 191.9614790 193 192.9641480 194 193.9651790 195 194.9681200 196 195.9696200
77 0 192.9629240 165 164.9875800 166 165.9855100 167 166.9815400 168 167.9799700 169 168.9763900 170 169.9750300 171 170.9717800 172 171.9706400 173 172.9677100 174 173.9668000 175 174.9642800 176 175.9635100 177 176.9611700 178 177.9610800 179 178.9591500 180 179.9592500 181 180.9576400 182 181.9581300 183 182.9568100 184 183.9573900 185 184.9565900 186 185.9579510 187 186.9573610 188 187.9588520 189 188.9587160 190 189.9605900 191 190.9605910 192 191.9626020 193 192.9629240 194 193.9650760 195 194.9659770 196 195.9683800 197 196.9696360 198 197.9722800 199 198.9737900
78 0 194.9647740 168 167.9880400 169 168.9864200 170 169.9823300 171 170.9812500 172 171.9773800 173 172.9765000 174 173.9728110 175 174.9722800 176 175.9690000 177 176.9684500 178 177.9657100 179 178.9654800 180 179.9632200 181 180.9631800 182 181.9612700 183 182.9617300 184 183.9599000 185 184.9607500 186 185.9594300 187 186.9605600 188 187.9593960 189 188.9608320 190 189.9599300 191 190.9616850 192 191.9610350 193 192.9629850 194 193.9626640 195 194.9647740 196 195.9649350 197 196.9673230 198 197.9678760 199 198.9705760 200 199.9714240 201 200.9745000 202 201.9757400
79 0 196.9665520 171 170.9917700 172 171.9901100 173 172.9864000 174 173.9849200 175 174.9815500 176 175.9802700 177 176.9772200 178 177.9759800 179 178.9734100 180 179.9724000 181 180.9699500 182 181.9696200 183 182.9676200 184 183.9674700 185 184.9658100 186 185.9660000 187 186.9645600 188 187.9650900 189 188.9638900 190 189.9646990 191 190.9636500 192 191.9648100 193 192.9641320 194 193.9653390 195 194.9650180 196 195.9665510 197 196.9665520 198 197.9682250 199 198.9687480 200 199.9707200 201 200.9716410 202 201.9737900 203 202.9751370 204 203.9777100 205 204.9796100
80 0 201.9706260 175 174.9914100 176 175.9874100 177 176.9863400 178 177.9824760 179 178.9817800 180 179.9783200 181 180.9778100 182 181.9747500 183 182.9745600 184 183.9719000 185 184.9719800 186 185.9694600 187 186.9697900 188 187.9675600 189 188.9681300 190 189.9662800 191 190.9670600 192 191.9655700 193 192.9666440 194 193.9653820 195 194.9666400 196 195.9658150 197 196.9671950 198 197.9667520 199 198.9682620 200 199.9683090 201 200.9702850 202 201.9706260 203 202.9728570 204 203.9734760 205 204.9760560 206 205.9774990 207 206.9825800 208 207.9859400
81 0 204.9744120 177 176.9968800 178 177.9952300 179 178.9914700 180 179.9901900 181 180.9869000 182 181.9856100 183 182.9827000 184 183.9817600 185 184.9791000 186 185.9785500 187 186.9761700 188 187.9759200 189 188.9736900 190 189.9737900 191 190.9718900 192 191.9721400 193 192.9705500 194 193.9710500 195 194.9696500 196 195.9705200 197 196.9695400 198 197.9704700 199 198.9698100 200 199.9709450 201 200.9708040 202 201.9720910 203 202.9723290 204 203.9738490 205 204.9744120 206 205.9760950 207 206.9774080 208 207.9820050 209 208.9853490 210 209.9900660
82 0 207.9766360 181 180.9967100 182 181.9926760 183 182.9919300 184 183.9882000 185 184.9875800 186 185.9843000 187 186.9840300 188 187.9810600 189 188.9808800 190 189.9781800 191 190.9782000 192 191.9757600 193 192.9760800 194 193.9739700 195 194.9744700 196 195.9727100 197 196.9733800 198 197.9719800 199 198.9729100 200 199.9718160 201 200.9728500 202 201.9721440 203 202.9733750 204 203.9730290 205 204.9744670 206 205.9744490 207 206.9758810 208 207.9766360 209 208.9810750 210 209.9841730 211 210.9887310 212 211.9918875 213 212.9965000 214 213.9997981
83 0 208.9803830 185 184.9977100 186 185.9964800 187 186.9934600 188 187.9921700 189 188.9895100 190 189.9885200 191 190.9860500 192 191.9853700 193 192.9830600 194 193.9827500 195 194.9807500 196 195.9806100 197 196.9789300 198 197.9790200 199 198.9775800 200 199.9781400 201 200.9769700 202 201.9776700 203 202.9768680 204 203.9778050 205 204.9773750 206 205.9784830 207 206.9784550 208 207.9797270 209 208.9803830 210 209.9841050 211 210.9872580 212 211.9912720 213 212.9943750 214 213.9986990 215 215.0018300 216 216.0062000
84 0 208.9824160 190 189.9951100 191 190.9946500 192 191.9915200 193 192.9911000 194 193.9882800 195 194.9880500 196 195.9855100 197 196.9855700 198 197.9833400 199 198.9836000 200 199.9817400 201 200.9822100 202 201.9807000 203 202.9814100 204 203.9803070 205 204.9811700 206 205.9804650 207 206.9815780 208 207.9812310 209 208.9824160 210 209.9828570 211 210.9866370 212 211.9888520 213 212.9928430 214 213.9951860 215 214.9994150 216 216.0019052 217 217.0062500 218 218.0089658
85 0 209.9871310 193 193.0001900 194 193.9989700 195 194.9965500 196 195.9957000 197 196.9932900 198 197.9927500 199 198.9906300 200 199.9902900 201 200.9884900 202 201.9884500 203 202.9868500 204 203.9872600 205 204.9860400 206 205.9866000 207 206.9857760 208 207.9865830 209 208.9861590 210 209.9871310 211 210.9874810 212 211.9907350 213 212.9929210 214 213.9963560 215 214.9986410 216 216.0024090 217 217.0047100 218 218.0086810 219 219.0113000 220 220.0153000 221 221.0181400 222 222.0223300 223 223.0253400
86 0 222.0175705 196 196.0023100 197 197.0016600 198 197.9987800 199 198.9983100 200 199.9956800 201 200.9955400 202 201.9932200 203 202.9933200 204 203.9913700 205 204.9916700 206 205.9901600 207 206.9907300 208 207.9896310 209 208.9903800 210 209.9896800 211 210.9905850 212 211.9906890 213 212.9938680 214 213.9953460 215 214.9987290 216 216.0002580 217 217.0039150 218 218.0055860 219 219.0094750 220 220.0113841 221 221.0154600 222 222.0175705 223 223.0217900 224 224.0240900 225 225.0284400 226 226.0308900 227 227.0354100 228 228.0380800
87 0 223.0197307 200 200.0065000 201 201.0039900 202 202.0032900 203 203.0010500 204 204.0005900 205 204.9986600 206 205.9984900 207 206.9968600 208 207.9971300 209 208.9959200 210 209.9963980 211 210.9955290 212 211.9961950 213 212.9961750 214 213.9989550 215 215.0003260 216 216.0031880 217 217.0046160 218 218.0075630 219 219.0092410 220 220.0123130 221 221.0142460 222 222.0175440 223 223.0197307 224 224.0232400 225 225.0256070 226 226.0293400 227 227.0318300 228 228.0357200 229 229.0384300 230 230.0425100 231 231.0454100 232 232.0496500
88 0 226.0254026 203 203.0092100 204 204.0064800 205 205.0061900 206 206.0037800 207 207.0037300 208 208.0017800 209 209.0019400 210 210.0004500 211 211.0008900 212 211.9997830 213 213.0003500 214 214.0000910 215 215.0027040 216 216.0035180 217 217.0063060 218 218.0071240 219 219.0100690 220 220.0110150 221 221.0139080 222 222.0153620 223 223.0184970 224 224.0202020 225 225.0236040 226 226.0254026 227 227.0291707 228 228.0310641 229 229.0348200 230 230.0370800 231 231.0412200 232 232.0436900 233 233.0480000 234 234.0505500
89 0 227.0277470 207 207.0120900 208 208.0114900 209 209.0095700 210 210.0092600 211 211.0076500 212 212.0078100 213 213.0065700 214 214.0068900 215 215.0064500 216 216.0087210 217 217.0093330 218 218.0116300 219 219.0124000 220 220.0147500 221 221.0155800 222 222.0178290 223 223.0191260 224 224.0217080 225 225.0232210 226 226.0260900 227 227.0277470 228 228.0310148 229 229.0329300 230 230.0360300 231 231.0385500 232 232.0420200 233 233.0445500 234 234.0484200 235 235.0511000 236 236.0551800
90 0 232.0380504 210 210.0150300 211 211.0148600 212 212.0129200 213 213.0129600 214 214.0114500 215 215.0117300 216 216.0110510 217 217.0130700 218 218.0132680 219 219.0155200 220 220.0157330 221 221.0181710 222 222.0184540 223 223.0207950 224 224.0214590 225 225.0239410 226 226.0248910 227 227.0276990 228 228.0287313 229 229.0317550 230 230.0331266 231 231.0362971 232 232.0380504 233 233.0415769 234 234.0435950 235 235.0475000 236 236.0497100 237 237.0538900 238 238.0562400
91 0 231.0358789 213 213.0211800 214 214.0207400 215 215.0191000 216 216.0191100 217 217.0182900 218 218.0200100 219 219.0198800 220 220.0218800 221 221.0218600 222 222.0237300 223 223.0239600 224 224.0256100 225 225.0261200 226 226.0279330 227 227.0287930 228 228.0310370 229 229.0320890 230 230.0345330 231 231.0358789 232 232.0385820 233 233.0402402 234 234.0433020 235 235.0454400 236 236.0486800 237 237.0511400 238 238.0545000 239 239.0571300 240 240.0609800
92 0 238.0507826 218 218.0234900 219 219.0249200 220 220.0247100 221 221.0263500 222 222.0260700 223 223.0277200 224 224.0275900 225 225.0293800 226 226.0293400 227 227.0311400 228 228.0313660 229 229.0334960 230 230.0339270 231 231.0362890 232 232.0371463 233 233.0396280 234 234.0409456 235 235.0439231 236 236.0455619 237 237.0487240 238 238.0507826 239 239.0542878 240 240.0565860 241 241.0603300 242 242.0629300
93 0 237.0481673 225 225.0339000 226 226.0351300 227 227.0349600 228 228.0361800 229 229.0362500 230 230.0378100 231 231.0382300 232 232.0401000 233 233.0407300 234 234.0428890 235 235.0440559 236 236.0465600 237 237.0481673 238 238.0509405 239 239.0529314 240 240.0561690 241 241.0582500 242 242.0616400 243 243.0642700 244 244.0678500
94 0 244.0641980 228 228.0387300 229 229.0401400 230 230.0396460 231 231.0412600 232 232.0411790 233 233.0429900 234 234.0433050 235 235.0452820 236 236.0460481 237 237.0484038 238 238.0495534 239 239.0521565 240 240.0538075 241 241.0568453 242 242.0587368 243 243.0619970 244 244.0641980 245 245.0677390 246 246.0701980 247 247.0740700
95 0 243.0613727 231 231.0455600 232 232.0465900 233 233.0464700 234 234.0477900 235 235.0480300 236 236.0495700 237 237.0499700 238 238.0519800 239 239.0530180 240 240.0552880 241 241.0568229 242 242.0595430 243 243.0613727 244 244.0642794 245 245.0664450 246 246.0697680 247 247.0720900 248 248.0757500 249 249.0784800
96 0 247.0703470 233 233.0508000 234 234.0502400 235 235.0515900 236 236.0514100 237 237.0528900 238 238.0530200 239 239.0549500 240 240.0555190 241 241.0576467 242 242.0588293 243 243.0613822 244 244.0627463 245 245.0654856 246 246.0672176 247 247.0703470 248 248.0723420 249 249.0759470 250 250.0783510 251 251.0822780 252 252.0848700
97 0 247.0702990 235 235.0565800 236 236.0573300 237 237.0571300 238 238.0582700 239 239.0583600 240 240.0597500 241 241.0602200 242 242.0620500 243 243.0630020 244 244.0651680 245 245.0663554 246 246.0686700 247 247.0702990 248 248.0730800 249 249.0749800 250 250.0783110 251 251.0807530 252 252.0843000 253 253.0868800 254 254.0906000
98 0 251.0795800 237 237.0620700 238 238.0614100 239 239.0625800 240 240.0623000 241 241.0637200 242 242.0636900 243 243.0654200 244 244.0659900 245 245.0680400 246 246.0687988 247 247.0709920 248 248.0721780 249 249.0748470 250 250.0764000 251 251.0795800 252 252.0816200 253 253.0851270 254 254.0873160 255 255.0910400 256 256.0934400
99 0 252.0829700 240 240.0689200 241 241.0686600 242 242.0697000 243 243.0696300 244 244.0709700 245 245.0713200 246 246.0729700 247 247.0736500 248 248.0754600 249 249.0764100 250 250.0786500 251 251.0799840 252 252.0829700 253 253.0848180 254 254.0880160 255 255.0902660 256 256.0935900 257 257.0959800
100 0 257.0950990 242 242.0734300 243 243.0745100 244 244.0740800 245 245.0753800 246 246.0752800 247 247.0768200 248 248.0771840 249 249.0790200 250 250.0795150 251 251.0815660 252 252.0824600 253 253.0851760 254 254.0868480 255 255.0899550 256 256.0917670 257 257.0950990 258 258.0970700 259 259.1005900
101 0 258.0984250 247 247.0818000 248 248.0829100 249 249.0830000 250 250.0844900 251 251.0849200 252 252.0866300 253 253.0872800 254 254.0897300 255 255.0910750 256 256.0940500 257 257.0955350 258 258.0984250 259 259.1005000 260 260.1036500
102 0 259.1010200 250 250.0874900 251 251.0889600 252 252.0889660 253 253.0906500 254 254.0909490 255 255.0932320 256 256.0942760 257 257.0968500 258 258.0982000 259 259.1010200 262 262.1075200
103 0 262.1096900 253 253.0952600 254 254.0965900 255 255.0967700 256 256.0987600 257 257.0996100 258 258.1018800 259 259.1029900 260 260.1055700 261 261.1069400 262 262.1096900
104 0 261.1087500 253 253.1006800 254 254.1001700 255 255.1014900 256 256.1011800 257 257.1030700 258 258.1035700 259 259.1056300 260 260.1064300 261 261.1087500 262 262.1099200 263 263.1125400
105 0 262.1141500 255 255.1074000 257 257.1078600 258 258.1094400 259 259.1097200 260 260.1114300 261 261.1121100 262 262.1141500 263 263.1150800
106 0 263.1183100 259 259.1146500 260 260.1144400 261 261.1162000 263 263.1183100 265 265.1210700 266 266.1219300
107 0 264.1247300 261 261.1218000 262 262.1230100 264 264.1247300
108 0 265.1300000 263 263.1287100 264 264.1284100 265 265.1300000
109 0 268.1388200 266 266.1379400 268 268.1388200
