##############################################################################
#                                                                            #
#	                Open Babel file: isotope.txt                         #
#                                                                            #
#  Part of the Open Babel package, under the GNU General Public License (GPL)#
#                                                                            #
#  This file has a series of lines, one for each element                     #
#   (i.e. line 0 = neutron, line 1 = hydrogen, line 2 = helium, etc.)        #
#  Each line: Atomic #, 0 then exact mass of most abundant isotope           #
#     then a list of isotopes as int, float pairs corresponding to masses    #
#                                                                            #
#  CAUTION: Masses have been zero-padded to 9 decimal places                 #
#   (we don't currently have a math package that can deal with sig. fig.)    #
#   so trailing zeros may not be significant and/or useful                   #
#                                                                            #
#  Values are compiled from "The 1995 update to the atomic mass evaluation"  #
#                    by G.Audi and A.H.Wapstra                               #
#           Nuclear Physics A595 vol. 4 p.409-480, December 25, 1995.        #
#  as made available in the mass_rmd.mas95 file                              #
#                                                                            #
#  Currently: 110 lines (neutron, H to Mt)                                   #
#                                                                            #
##############################################################################
0 0 0.000000000 1 1.008664915
1 0 1.007825032 1 1.007825032 2 2.014101778 3 3.016049268 4 4.027830000 5 5.039540000 6 6.044940000
2 0 4.002603250 3 3.016029310 4 4.002603250 5 5.012220000 6 6.018888100 7 7.028030000 8 8.033922000 9 9.043820000 10 10.052400000
3 0 7.016004000 4 4.027180000 5 5.012540000 6 6.015122300 7 7.016004000 8 8.022486700 9 9.026789100 10 10.035481000 11 11.043796000 12 12.053780000
4 0 9.012182100 5 5.040790000 6 6.019726000 7 7.016929200 8 8.005305090 9 9.012182100 10 10.013533700 11 11.021658000 12 12.026921000 13 13.036130000 14 14.042820000
5 0 11.009305500 7 7.029920000 8 8.024606700 9 9.013328800 10 10.012937000 11 11.009305500 12 12.014352100 13 13.017780300 14 14.025404000 15 15.031097000 16 16.039810000 17 17.046930000 18 18.056170000 19 19.063730000
6 0 12.000000000 8 8.037675000 9 9.031040100 10 10.016853100 11 11.011433800 12 12.000000000 13 13.003354838 14 14.003241988 15 15.010599300 16 16.014701000 17 17.022584000 18 18.026760000 19 19.035250000 20 20.040320000 21 21.049340000 22 22.056450000
7 0 14.003074005 10 10.042620000 11 11.026800000 12 12.018613200 13 13.005738580 14 14.003074005 15 15.000108898 16 16.006101400 17 17.008450000 18 18.014082000 19 19.017027000 20 20.023370000 21 21.027090000 22 22.034440000 23 23.040510000 24 24.050500000
8 0 15.994914622 12 12.034405000 13 13.024810000 14 14.008595290 15 15.003065400 16 15.994914622 17 16.999131500 18 17.999160400 19 19.003579000 20 20.004076200 21 21.008655000 22 22.009970000 23 23.015690000 24 24.020370000 25 25.029140000 26 26.037750000
9 0 18.998403200 14 14.036080000 15 15.018010000 16 16.011466000 17 17.002095240 18 18.000937700 19 18.998403200 20 19.999981320 21 20.999948900 22 22.002999000 23 23.003570000 24 24.008100000 25 25.012090000 26 26.019630000 27 27.026890000 28 28.035670000 29 29.043260000
10 0 19.992440176 16 16.025757000 17 17.017700000 18 18.005697100 19 19.001879800 20 19.992440176 21 20.993846740 22 21.991385510 23 22.994467340 24 23.993615000 25 24.997790000 26 26.000460000 27 27.007620000 28 28.012110000 29 29.019350000 30 30.023870000 31 31.033110000 32 32.039910000
11 0 22.989769670 18 18.027180000 19 19.013879000 20 20.007348000 21 20.997655100 22 21.994436800 23 22.989769670 24 23.990963330 25 24.989954400 26 25.992590000 27 26.994010000 28 27.998890000 29 29.002810000 30 30.009230000 31 31.013600000 32 32.019650000 33 33.027390000 34 34.034900000 35 35.044180000
12 0 23.985041900 20 20.018863000 21 21.011714000 22 21.999574100 23 22.994124900 24 23.985041900 25 24.985837020 26 25.982593040 27 26.984340740 28 27.983876700 29 28.988550000 30 29.990460000 31 30.996550000 32 31.999150000 33 33.005590000 34 34.009070000 35 35.017490000 36 36.022450000 37 37.031240000
13 0 26.981538440 21 21.028040000 22 22.019520000 23 23.007265000 24 23.999941000 25 24.990428600 26 25.986891660 27 26.981538440 28 27.981910180 29 28.980444800 30 29.982960000 31 30.983946000 32 31.988120000 33 32.990870000 34 33.996930000 35 34.999940000 36 36.006350000 37 37.010310000 38 38.016900000 39 39.021900000
14 0 27.976926533 22 22.034530000 23 23.025520000 24 24.011546000 25 25.004107000 26 25.992330000 27 26.986704760 28 27.976926533 29 28.976494720 30 29.973770220 31 30.975363270 32 31.974148100 33 32.978001000 34 33.978576000 35 34.984580000 36 35.986690000 37 36.993000000 38 37.995980000 39 39.002300000 40 40.005800000 41 41.012700000 42 42.016100000
15 0 30.973761510 24 24.034350000 25 25.020260000 26 26.011780000 27 26.999190000 28 27.992312000 29 28.981801400 30 29.978313800 31 30.973761510 32 31.973907160 33 32.971725300 34 33.973636000 35 34.973314200 36 35.978260000 37 36.979610000 38 37.984470000 39 38.986420000 40 39.991050000 41 40.994800000 42 42.000090000 43 43.003310000 44 44.009880000 45 45.015140000 46 46.023830000
16 0 31.972070690 26 26.027880000 27 27.018800000 28 28.004370000 29 28.996610000 30 29.984903000 31 30.979554400 32 31.972070690 33 32.971458500 34 33.967866830 35 34.969032140 36 35.967080880 37 36.971125720 38 37.971163000 39 38.975140000 40 39.975470000 41 40.980030000 42 41.981490000 43 42.986600000 44 43.988320000 45 44.994820000 46 45.999570000 47 47.007620000 48 48.012990000 49 49.022010000
17 0 34.968852710 28 28.028510000 29 29.014110000 30 30.004770000 31 30.992420000 32 31.985689000 33 32.977451800 34 33.973761970 35 34.968852710 36 35.968306950 37 36.965902600 38 37.968010550 39 38.968007700 40 39.970420000 41 40.970650000 42 41.973170000 43 42.974200000 44 43.978540000 45 44.979700000 46 45.984120000 47 46.987950000 48 47.994850000 49 48.999890000 50 50.007730000 51 51.013530000
18 0 39.962383123 30 30.021560000 31 31.012130000 32 31.997660000 33 32.989930000 34 33.980270000 35 34.975256700 36 35.967546280 37 36.966775900 38 37.962732200 39 38.964313000 40 39.962383123 41 40.964500800 42 41.963050000 43 42.965670000 44 43.965365000 45 44.968090000 46 45.968090000 47 46.972190000 48 47.975070000 49 48.982180000 50 49.985940000 51 50.993240000 52 51.998170000 53 53.006230000
19 0 38.963706900 32 32.021920000 33 33.007260000 34 33.998410000 35 34.988012000 36 35.981293000 37 36.973376910 38 37.969080100 39 38.963706900 40 39.963998670 41 40.961825970 42 41.962403100 43 42.960716000 44 43.961560000 45 44.960700000 46 45.961976000 47 46.961678000 48 47.965513000 49 48.967450000 50 49.972780000 51 50.976380000 52 51.982610000 53 52.987120000 54 53.993990000 55 54.999390000
20 0 39.962591200 34 34.014120000 35 35.004770000 36 35.993090000 37 36.985872000 38 37.976319000 39 38.970717700 40 39.962591200 41 40.962278300 42 41.958618300 43 42.958766800 44 43.955481100 45 44.956185900 46 45.953692800 47 46.954546500 48 47.952534000 49 48.955673000 50 49.957518000 51 50.961470000 52 51.965100000 53 52.970050000 54 53.974680000 55 54.980550000 56 55.985790000 57 56.992360000
21 0 44.955910200 36 36.014920000 37 37.003050000 38 37.994700000 39 38.984790000 40 39.977964000 41 40.969251300 42 41.965516800 43 42.961151000 44 43.959403000 45 44.955910200 46 45.955170300 47 46.952408000 48 47.952235000 49 48.950024000 50 49.952187000 51 50.953603000 52 51.956650000 53 52.959240000 54 53.963000000 55 54.967430000 56 55.972660000 57 56.977040000 58 57.983070000 59 58.988040000
22 0 47.947947100 38 38.009770000 39 39.001320000 40 39.990500000 41 40.983130000 42 41.973032000 43 42.968523000 44 43.959690200 45 44.958124300 46 45.952629500 47 46.951763800 48 47.947947100 49 48.947870800 50 49.944792100 51 50.946616000 52 51.946898000 53 52.949730000 54 53.950870000 55 54.955120000 56 55.957990000 57 56.962900000 58 57.966110000 59 58.971960000 60 59.975640000 61 60.982020000
23 0 50.943963700 40 40.011090000 41 40.999740000 42 41.991230000 43 42.980650000 44 43.974400000 45 44.965782000 46 45.960199500 47 46.954906900 48 47.952254500 49 48.948516900 50 49.947162800 51 50.943963700 52 51.944779700 53 52.944343000 54 53.946444000 55 54.947240000 56 55.950360000 57 56.952360000 58 57.956650000 59 58.959300000 60 59.964500000 61 60.967410000 62 61.973140000 63 62.976750000
24 0 51.940511900 42 42.006430000 43 42.997710000 44 43.985470000 45 44.979160000 46 45.968362000 47 46.962907000 48 47.954036000 49 48.951341100 50 49.946049600 51 50.944771800 52 51.940511900 53 52.940653800 54 53.938884900 55 54.940844200 56 55.940645000 57 56.943750000 58 57.944250000 59 58.948630000 60 59.949730000 61 60.954090000 62 61.955800000 63 62.961860000 64 63.964200000 65 64.970370000
25 0 54.938049600 44 44.006870000 45 44.994510000 46 45.986720000 47 46.976100000 48 47.968870000 49 48.959623000 50 49.954244000 51 50.948215500 52 51.945570100 53 52.941294700 54 53.940363200 55 54.938049600 56 55.938909400 57 56.938287000 58 57.939990000 59 58.940450000 60 59.943190000 61 60.944460000 62 61.947970000 63 62.949810000 64 63.953730000 65 64.956100000 66 65.960820000 67 66.963820000
26 0 55.934942100 45 45.014560000 46 46.000810000 47 46.992890000 48 47.980560000 49 48.973610000 50 49.962990000 51 50.956825000 52 51.948117000 53 52.945312300 54 53.939614800 55 54.938298000 56 55.934942100 57 56.935398700 58 57.933280500 59 58.934880500 60 59.934077000 61 60.936749000 62 61.936770000 63 62.940120000 64 63.940870000 65 64.944940000 66 65.945980000 67 66.950000000 68 67.952510000 69 68.957700000
27 0 58.933200200 48 48.001760000 49 48.989720000 50 49.981540000 51 50.970720000 52 51.963590000 53 52.954225000 54 53.948464100 55 54.942003100 56 55.939843900 57 56.936296200 58 57.935757600 59 58.933200200 60 59.933822200 61 60.932479400 62 61.934054000 63 62.933615000 64 63.935814000 65 64.936485000 66 65.939830000 67 66.940610000 68 67.944360000 69 68.945200000 70 69.949810000 71 70.951730000 72 71.956410000
28 0 57.935347900 50 49.995930000 51 50.987720000 52 51.975680000 53 52.968460000 54 53.957910000 55 54.951336000 56 55.942136000 57 56.939800000 58 57.935347900 59 58.934351600 60 59.930790600 61 60.931060400 62 61.928348800 63 62.929672900 64 63.927969600 65 64.930088000 66 65.929115000 67 66.931570000 68 67.931845000 69 68.935180000 70 69.936140000 71 70.940000000 72 71.941300000 73 72.946080000 74 73.947910000 75 74.952970000 76 75.955330000 77 76.960830000 78 77.963800000
29 0 62.929601100 52 51.997180000 53 52.985550000 54 53.976710000 55 54.966050000 56 55.958560000 57 56.949216000 58 57.944540700 59 58.939504100 60 59.937368100 61 60.933462200 62 61.932587000 63 62.929601100 64 63.929767900 65 64.927793700 66 65.928873000 67 66.927750000 68 67.929640000 69 68.929425000 70 69.932409000 71 70.932620000 72 71.935520000 73 72.936490000 74 73.940200000 75 74.941700000 76 75.945990000 77 76.947950000 78 77.952810000 79 78.955280000 80 79.961890000
30 0 63.929146600 54 53.992950000 55 54.983980000 56 55.972380000 57 56.964910000 58 57.954600000 59 58.949270000 60 59.941832000 61 60.939514000 62 61.934334000 63 62.933215600 64 63.929146600 65 64.929245100 66 65.926036800 67 66.927130900 68 67.924847600 69 68.926553500 70 69.925325000 71 70.927727000 72 71.926861000 73 72.929780000 74 73.929460000 75 74.932940000 76 75.933390000 77 76.937090000 78 77.938570000 79 78.942680000 80 79.944410000 81 80.950480000 82 81.954840000
31 0 68.925581000 56 55.994910000 57 56.982930000 58 57.974250000 59 58.963370000 60 59.957060000 61 60.949170000 62 61.944180000 63 62.939140000 64 63.936838000 65 64.932739300 66 65.931592000 67 66.928204900 68 67.927983500 69 68.925581000 70 69.926028000 71 70.924705000 72 71.926369400 73 72.925170000 74 73.926940000 75 74.926501000 76 75.928930000 77 76.929280000 78 77.931660000 79 78.932920000 80 79.936590000 81 80.937750000 82 81.943160000 83 82.946870000 84 83.952340000
32 0 73.921178200 58 57.991010000 59 58.981750000 60 59.970190000 61 60.963790000 62 61.954650000 63 62.949640000 64 63.941570000 65 64.939440000 66 65.933850000 67 66.932738000 68 67.928097000 69 68.927972000 70 69.924250400 71 70.924954000 72 71.922076200 73 72.923459400 74 73.921178200 75 74.922859500 76 75.921402700 77 76.923548500 78 77.922853000 79 78.925400000 80 79.925445000 81 80.928820000 82 81.929550000 83 82.934510000 84 83.937310000 85 84.942690000 86 85.946270000
33 0 74.921596400 60 59.993130000 61 60.980620000 62 61.973200000 63 62.963690000 64 63.957570000 65 64.949480000 66 65.944370000 67 66.939190000 68 67.936790000 69 68.932280000 70 69.930930000 71 70.927115000 72 71.926753000 73 72.923825000 74 73.923929100 75 74.921596400 76 75.922393900 77 76.920647700 78 77.921829000 79 78.920948000 80 79.922578000 81 80.922133000 82 81.924500000 83 82.924980000 84 83.929060000 85 84.931810000 86 85.936230000 87 86.939580000 88 87.944560000 89 88.949230000
34 0 79.916521800 65 64.964660000 66 65.955210000 67 66.950090000 68 67.941870000 69 68.939560000 70 69.933500000 71 70.932270000 72 71.927112000 73 72.926767000 74 73.922476600 75 74.922523600 76 75.919214100 77 76.919914600 78 77.917309500 79 78.918499800 80 79.916521800 81 80.917992900 82 81.916700000 83 82.919119000 84 83.918465000 85 84.922240000 86 85.924271000 87 86.928520000 88 87.931420000 89 88.936020000 90 89.939420000 91 90.945370000 92 91.949330000
35 0 78.918337600 67 66.964790000 68 67.958250000 69 68.950180000 70 69.944620000 71 70.939250000 72 71.936500000 73 72.931790000 74 73.929891000 75 74.925776000 76 75.924542000 77 76.921380000 78 77.921146000 79 78.918337600 80 79.918530000 81 80.916291000 82 81.916805000 83 82.915180000 84 83.916504000 85 84.915608000 86 85.918797000 87 86.920711000 88 87.924070000 89 88.926390000 90 89.930630000 91 90.933970000 92 91.939260000 93 92.943100000 94 93.948680000
36 0 83.911507000 69 68.965320000 70 69.956010000 71 70.950510000 72 71.941910000 73 72.938930000 74 73.933260000 75 74.931034000 76 75.925948000 77 76.924668000 78 77.920386000 79 78.920083000 80 79.916378000 81 80.916592000 82 81.913484600 83 82.914136000 84 83.911507000 85 84.912527000 86 85.910610300 87 86.913354300 88 87.914447000 89 88.917630000 90 89.919524000 91 90.923440000 92 91.926153000 93 92.931270000 94 93.934360000 95 94.939840000 96 95.943070000 97 96.948560000
37 0 84.911789300 71 70.965320000 72 71.959080000 73 72.950370000 74 73.944470000 75 74.938569000 76 75.935071000 77 76.930407000 78 77.928141000 79 78.923997000 80 79.922519000 81 80.918994000 82 81.918208000 83 82.915112000 84 83.914385000 85 84.911789300 86 85.911167100 87 86.909183500 88 87.911319000 89 88.912280000 90 89.914809000 91 90.916534000 92 91.919725000 93 92.922033000 94 93.926407000 95 94.929319000 96 95.934284000 97 96.937340000 98 97.941700000 99 98.945420000 100 99.949870000 101 100.953200000 102 101.959210000
38 0 87.905614300 73 72.965970000 74 73.956310000 75 74.949920000 76 75.941610000 77 76.937760000 78 77.932179000 79 78.929707000 80 79.924525000 81 80.923213000 82 81.918401000 83 82.917555000 84 83.913425000 85 84.912933000 86 85.909262400 87 86.908879300 88 87.905614300 89 88.907452900 90 89.907737600 91 90.910210000 92 91.911030000 93 92.914022000 94 93.915360000 95 94.919358000 96 95.921680000 97 96.926149000 98 97.928471000 99 98.933320000 100 99.935350000 101 100.940520000 102 101.943020000 103 102.948950000 104 103.952330000
39 0 88.905847900 77 76.949620000 78 77.943500000 79 78.937350000 80 79.934340000 81 80.929130000 82 81.926790000 83 82.922350000 84 83.920390000 85 84.916427000 86 85.914888000 87 86.910877800 88 87.909503400 89 88.905847900 90 89.907151400 91 90.907303000 92 91.908947000 93 92.909582000 94 93.911594000 95 94.912824000 96 95.915898000 97 96.918131000 98 97.922220000 99 98.924635000 100 99.927760000 101 100.930310000 102 101.933560000 103 102.936940000 104 103.941450000 105 104.945090000 106 105.950220000
40 0 89.904703700 79 78.949160000 80 79.940550000 81 80.936820000 82 81.931090000 83 82.928650000 84 83.923250000 85 84.921470000 86 85.916470000 87 86.914817000 88 87.910226000 89 88.908889000 90 89.904703700 91 90.905645000 92 91.905040100 93 92.906475600 94 93.906315800 95 94.908042700 96 95.908276000 97 96.910951000 98 97.912746000 99 98.916511000 100 99.917760000 101 100.921140000 102 101.922980000 103 102.926600000 104 103.928780000 105 104.933050000 106 105.935910000 107 106.940860000 108 107.944280000
41 0 92.906377500 81 80.949050000 82 81.943130000 83 82.936700000 84 83.933570000 85 84.927910000 86 85.925040000 87 86.920360000 88 87.917960000 89 88.913500000 90 89.911264000 91 90.906991000 92 91.907193200 93 92.906377500 94 93.907283500 95 94.906835200 96 95.908100000 97 96.908097100 98 97.910331000 99 98.911618000 100 99.914181000 101 100.915252000 102 101.918040000 103 102.919140000 104 103.922460000 105 104.923930000 106 105.928190000 107 106.930310000 108 107.935010000 109 108.937630000 110 109.942680000
42 0 97.905407800 83 82.948740000 84 83.940090000 85 84.936590000 86 85.930700000 87 86.927330000 88 87.921953000 89 88.919481000 90 89.913936000 91 90.911751000 92 91.906810000 93 92.906812000 94 93.905087600 95 94.905841500 96 95.904678900 97 96.906021000 98 97.905407800 99 98.907711600 100 99.907477000 101 100.910347000 102 101.910297000 103 102.913200000 104 103.913760000 105 104.916970000 106 105.918134000 107 106.921690000 108 107.923580000 109 108.927810000 110 109.929730000 111 110.934510000 112 111.936840000 113 112.942030000
43 0 97.907216000 85 84.948940000 86 85.942880000 87 86.936530000 88 87.932830000 89 88.927540000 90 89.923560000 91 90.918430000 92 91.915260000 93 92.910248000 94 93.909656000 95 94.907656000 96 95.907871000 97 96.906365000 98 97.907216000 99 98.906254600 100 99.907657600 101 100.907314000 102 101.909213000 103 102.909179000 104 103.911440000 105 104.911660000 106 105.914355000 107 106.915080000 108 107.918480000 109 108.919630000 110 109.923390000 111 110.925050000 112 111.929240000 113 112.931330000 114 113.935880000 115 114.938280000
44 0 101.904349500 87 86.949180000 88 87.940420000 89 88.936110000 90 89.929780000 91 90.926380000 92 91.920120000 93 92.917050000 94 93.911360000 95 94.910413000 96 95.907598000 97 96.907555000 98 97.905287000 99 98.905939300 100 99.904219700 101 100.905582200 102 101.904349500 103 102.906323700 104 103.905430000 105 104.907750000 106 105.907327000 107 106.909910000 108 107.910190000 109 108.913200000 110 109.913970000 111 110.917560000 112 111.918550000 113 112.922540000 114 113.924000000 115 114.928310000 116 115.930160000 117 116.934790000 118 117.937030000
45 0 102.905504000 89 88.949380000 90 89.942870000 91 90.936550000 92 91.931980000 93 92.925740000 94 93.921700000 95 94.915900000 96 95.914518000 97 96.911340000 98 97.910716000 99 98.908132000 100 99.908117000 101 100.906164000 102 101.906843000 103 102.905504000 104 103.906655000 105 104.905692000 106 105.907285000 107 106.906751000 108 107.908730000 109 108.908736000 110 109.910950000 111 110.911660000 112 111.914610000 113 112.915420000 114 113.918850000 115 114.920120000 116 115.923710000 117 116.925350000 118 117.929430000 119 118.931360000 120 119.935780000 121 120.938080000
46 0 105.903483000 91 90.949480000 92 91.940420000 93 92.935910000 94 93.928770000 95 94.924690000 96 95.918220000 97 96.916480000 98 97.912721000 99 98.911768000 100 99.908505000 101 100.908289000 102 101.905608000 103 102.906087000 104 103.904035000 105 104.905084000 106 105.903483000 107 106.905128000 108 107.903894000 109 108.905954000 110 109.905152000 111 110.907640000 112 111.907313000 113 112.910150000 114 113.910365000 115 114.913680000 116 115.914160000 117 116.917840000 118 117.918980000 119 118.922680000 120 119.924030000 121 120.928180000 122 121.929800000 123 122.934260000
47 0 106.905093000 94 93.942780000 95 94.935480000 96 95.930680000 97 96.924000000 98 97.921760000 99 98.917600000 100 99.916070000 101 100.912800000 102 101.912000000 103 102.908972000 104 103.908628000 105 104.906528000 106 105.906666000 107 106.905093000 108 107.905954000 109 108.904756000 110 109.906110000 111 110.905295000 112 111.907004000 113 112.906566000 114 113.908808000 115 114.908760000 116 115.911360000 117 116.911680000 118 117.914580000 119 118.915670000 120 119.918790000 121 120.919850000 122 121.923320000 123 122.924900000 124 123.928530000 125 124.930540000 126 125.934500000 127 126.936880000
48 0 113.903358100 96 95.939770000 97 96.934940000 98 97.927580000 99 98.925010000 100 99.920230000 101 100.918680000 102 101.914780000 103 102.913419000 104 103.909848000 105 104.909468000 106 105.906458000 107 106.906614000 108 107.904183000 109 108.904986000 110 109.903006000 111 110.904182000 112 111.902757200 113 112.904400900 114 113.903358100 115 114.905431000 116 115.904755000 117 116.907218000 118 117.906914000 119 118.909920000 120 119.909851000 121 120.912980000 122 121.913500000 123 122.917000000 124 123.917650000 125 124.921250000 126 125.922350000 127 126.926430000 128 127.927760000 129 128.932260000 130 129.933980000
49 0 114.903878000 98 97.942240000 99 98.934610000 100 99.931150000 101 100.926560000 102 101.924710000 103 102.919914000 104 103.918340000 105 104.914673000 106 105.913461000 107 106.910292000 108 107.909720000 109 108.907154000 110 109.907169000 111 110.905111000 112 111.905533000 113 112.904061000 114 113.904917000 115 114.903878000 116 115.905260000 117 116.904516000 118 117.906355000 119 118.905846000 120 119.907960000 121 120.907849000 122 121.910280000 123 122.910439000 124 123.913180000 125 124.913600000 126 125.916460000 127 126.917340000 128 127.920170000 129 128.921660000 130 129.924850000 131 130.926770000 132 131.932920000 133 132.938340000 134 133.944660000
50 0 119.902196600 100 99.938950000 101 100.936060000 102 101.930490000 103 102.928130000 104 103.923190000 105 104.921390000 106 105.916880000 107 106.915670000 108 107.911970000 109 108.911287000 110 109.907853000 111 110.907735000 112 111.904821000 113 112.905173000 114 113.902782000 115 114.903346000 116 115.901744000 117 116.902954000 118 117.901606000 119 118.903309000 120 119.902196600 121 120.904236900 122 121.903440100 123 122.905721900 124 123.905274600 125 124.907784900 126 125.907654000 127 126.910351000 128 127.910535000 129 128.913440000 130 129.913850000 131 130.916920000 132 131.917744000 133 132.923810000 134 133.928460000 135 134.934730000 136 135.939340000 137 136.945790000
51 0 120.903818000 103 102.940120000 104 103.936290000 105 104.931530000 106 105.928760000 107 106.924150000 108 107.922160000 109 108.918136000 110 109.916760000 111 110.913210000 112 111.912395000 113 112.909378000 114 113.909100000 115 114.906599000 116 115.906797000 117 116.904840000 118 117.905532000 119 118.903946000 120 119.905074000 121 120.903818000 122 121.905175400 123 122.904215700 124 123.905937500 125 124.905248000 126 125.907250000 127 126.906915000 128 127.909167000 129 128.909150000 130 129.911546000 131 130.911950000 132 131.914413000 133 132.915240000 134 133.920550000 135 134.925170000 136 135.930660000 137 136.935310000 138 137.940960000 139 138.945710000
52 0 129.906222800 106 105.937700000 107 106.935040000 108 107.929490000 109 108.927460000 110 109.922410000 111 110.921120000 112 111.917060000 113 112.915930000 114 113.912060000 115 114.911580000 116 115.908420000 117 116.908634000 118 117.905825000 119 118.906408000 120 119.904020000 121 120.904930000 122 121.903047100 123 122.904273000 124 123.902819500 125 124.904424700 126 125.903305500 127 126.905217000 128 127.904461400 129 128.906596000 130 129.906222800 131 130.908521900 132 131.908524000 133 132.910940000 134 133.911540000 135 134.916450000 136 135.920100000 137 136.925320000 138 137.929220000 139 138.934730000 140 139.938700000 141 140.944390000 142 141.948500000
53 0 126.904468000 108 107.943290000 109 108.938190000 110 109.935210000 111 110.930280000 112 111.927970000 113 112.923640000 114 113.921850000 115 114.917920000 116 115.916740000 117 116.913650000 118 117.913380000 119 118.910180000 120 119.910048000 121 120.907366000 122 121.907592000 123 122.905598000 124 123.906211400 125 124.904624100 126 125.905619000 127 126.904468000 128 127.905805000 129 128.904987000 130 129.906674000 131 130.906124200 132 131.907995000 133 132.907806000 134 133.909877000 135 134.910050000 136 135.914660000 137 136.917873000 138 137.922380000 139 138.926090000 140 139.931210000 141 140.934830000 142 141.940180000 143 142.944070000 144 143.949610000
54 0 131.904154500 110 109.944480000 111 110.941630000 112 111.935670000 113 112.933380000 114 113.928150000 115 114.926540000 116 115.921740000 117 116.920560000 118 117.916570000 119 118.915550000 120 119.912150000 121 120.911386000 122 121.908550000 123 122.908471000 124 123.905895800 125 124.906398200 126 125.904269000 127 126.905180000 128 127.903530400 129 128.904779500 130 129.903507900 131 130.905081900 132 131.904154500 133 132.905906000 134 133.905394500 135 134.907207000 136 135.907220000 137 136.911563000 138 137.913990000 139 138.918787000 140 139.921640000 141 140.926650000 142 141.929700000 143 142.934890000 144 143.938230000 145 144.943670000 146 145.947300000 147 146.953010000
55 0 132.905447000 112 111.950330000 113 112.944540000 114 113.941420000 115 114.935940000 116 115.932910000 117 116.928640000 118 117.926555000 119 118.922371000 120 119.920678000 121 120.917184000 122 121.916122000 123 122.912990000 124 123.912246000 125 124.909725000 126 125.909448000 127 126.907418000 128 127.907748000 129 128.906063000 130 129.906706000 131 130.905460000 132 131.906430000 133 132.905447000 134 133.906713000 135 134.905972000 136 135.907306000 137 136.907084000 138 137.911011000 139 138.913358000 140 139.917277000 141 140.920044000 142 141.924292000 143 142.927330000 144 143.932030000 145 144.935390000 146 145.940160000 147 146.943860000 148 147.948900000 149 148.952720000 150 149.957970000 151 150.962000000
56 0 137.905241000 114 113.950940000 115 114.947710000 116 115.941680000 117 116.938860000 118 117.933440000 119 118.931050000 120 119.926050000 121 120.924490000 122 121.920260000 123 122.918850000 124 123.915088000 125 124.914620000 126 125.911244000 127 126.911120000 128 127.908309000 129 128.908674000 130 129.906310000 131 130.906931000 132 131.905056000 133 132.906002000 134 133.904503000 135 134.905683000 136 135.904570000 137 136.905821000 138 137.905241000 139 138.908835000 140 139.910599000 141 140.914406000 142 141.916448000 143 142.920617000 144 143.922940000 145 144.926920000 146 145.930110000 147 146.933990000 148 147.937680000 149 148.942460000 150 149.945620000 151 150.950700000 152 151.954160000 153 152.959610000
57 0 138.906348000 117 116.950010000 118 117.946570000 119 118.940990000 120 119.938070000 121 120.933010000 122 121.930710000 123 122.926240000 124 123.924530000 125 124.920670000 126 125.919370000 127 126.916160000 128 127.915450000 129 128.912670000 130 129.912320000 131 130.910110000 132 131.910110000 133 132.908400000 134 133.908490000 135 134.906971000 136 135.907650000 137 136.906470000 138 137.907107000 139 138.906348000 140 139.909473000 141 140.910957000 142 141.914074000 143 142.916059000 144 143.919590000 145 144.921640000 146 145.925700000 147 146.927820000 148 147.932190000 149 148.934370000 150 149.938570000 151 150.941560000 152 151.946110000 153 152.949450000 154 153.954400000 155 154.958130000
58 0 139.905434000 119 118.952760000 120 119.946640000 121 120.943670000 122 121.938010000 123 122.935510000 124 123.930520000 125 124.928540000 126 125.924100000 127 126.922750000 128 127.918870000 129 128.918090000 130 129.914690000 131 130.914420000 132 131.911490000 133 132.911550000 134 133.909030000 135 134.909146000 136 135.907140000 137 136.907780000 138 137.905986000 139 138.906647000 140 139.905434000 141 140.908271000 142 141.909240000 143 142.912381000 144 143.913643000 145 144.917230000 146 145.918690000 147 146.922510000 148 147.924390000 149 148.928290000 150 149.930230000 151 150.934040000 152 151.936380000 153 152.940580000 154 153.943320000 155 154.948040000 156 155.951260000 157 156.956340000
59 0 140.907648000 121 120.955360000 122 121.951650000 123 122.945960000 124 123.942960000 125 124.937830000 126 125.935310000 127 126.930830000 128 127.928800000 129 128.924860000 130 129.923380000 131 130.920060000 132 131.919120000 133 132.916200000 134 133.915670000 135 134.913140000 136 135.912650000 137 136.910680000 138 137.910749000 139 138.908932000 140 139.909071000 141 140.907648000 142 141.910040000 143 142.910812000 144 143.913301000 145 144.914507000 146 145.917590000 147 146.918980000 148 147.922180000 149 148.923791000 150 149.927000000 151 150.928230000 152 151.931600000 153 152.933650000 154 153.937390000 155 154.939990000 156 155.944120000 157 156.947170000 158 157.951780000 159 158.955230000
60 0 141.907719000 126 125.943070000 127 126.940500000 128 127.935390000 129 128.933250000 130 129.928780000 131 130.927100000 132 131.923120000 133 132.922210000 134 133.918650000 135 134.918240000 136 135.915020000 137 136.914640000 138 137.911930000 139 138.911920000 140 139.909310000 141 140.909605000 142 141.907719000 143 142.909810000 144 143.910083000 145 144.912569000 146 145.913112000 147 146.916096000 148 147.916889000 149 148.920144000 150 149.920887000 151 150.923825000 152 151.924680000 153 152.927695000 154 153.929480000 155 154.932630000 156 155.935200000 157 156.939270000 158 157.941870000 159 158.946390000 160 159.949390000 161 160.954330000
61 0 144.912744000 128 127.948260000 129 128.943160000 130 129.940450000 131 130.935800000 132 131.933750000 133 132.929720000 134 133.928490000 135 134.924620000 136 135.923450000 137 136.920710000 138 137.919450000 139 138.916760000 140 139.915800000 141 140.913607000 142 141.912950000 143 142.910928000 144 143.912586000 145 144.912744000 146 145.914692000 147 146.915134000 148 147.917468000 149 148.918329000 150 149.920979000 151 150.921203000 152 151.923490000 153 152.924113000 154 153.926550000 155 154.928100000 156 155.931060000 157 156.933200000 158 157.936690000 159 158.939130000 160 159.942990000 161 160.945860000 162 161.950290000 163 162.953520000
62 0 151.919728000 130 129.948630000 131 130.945890000 132 131.940820000 133 132.938730000 134 133.934020000 135 134.932350000 136 135.928300000 137 136.927050000 138 137.923540000 139 138.922302000 140 139.918991000 141 140.918469000 142 141.915193000 143 142.914624000 144 143.911995000 145 144.913406000 146 145.913037000 147 146.914893000 148 147.914818000 149 148.917180000 150 149.917271000 151 150.919928000 152 151.919728000 153 152.922094000 154 153.922205000 155 154.924636000 156 155.925526000 157 156.928350000 158 157.929990000 159 158.933200000 160 159.935140000 161 160.938830000 162 161.941220000 163 162.945360000 164 163.948280000 165 164.952980000
63 0 152.921226000 132 131.954160000 133 132.948900000 134 133.946320000 135 134.941720000 136 135.939500000 137 136.935210000 138 137.933450000 139 138.929840000 140 139.928080000 141 140.924890000 142 141.923400000 143 142.920287000 144 143.918774000 145 144.916261000 146 145.917200000 147 146.916741000 148 147.918154000 149 148.917926000 150 149.919698000 151 150.919846000 152 151.921740000 153 152.921226000 154 153.922975000 155 154.922889000 156 155.924751000 157 156.925419000 158 157.927840000 159 158.929084000 160 159.931970000 161 160.933680000 162 161.937040000 163 162.939210000 164 163.942990000 165 164.945720000 166 165.949970000 167 166.953050000
64 0 157.924101000 136 135.947070000 137 136.944650000 138 137.939970000 139 138.938080000 140 139.933950000 141 140.932210000 142 141.928230000 143 142.926740000 144 143.922790000 145 144.921690000 146 145.918305000 147 146.919089000 148 147.918110000 149 148.919336000 150 149.918655000 151 150.920344000 152 151.919788000 153 152.921746000 154 153.920862000 155 154.922619000 156 155.922120000 157 156.923957000 158 157.924101000 159 158.926385000 160 159.927051000 161 160.929666000 162 161.930981000 163 162.933990000 164 163.935860000 165 164.939380000 166 165.941600000 167 166.945570000 168 167.948360000 169 168.952870000
65 0 158.925343000 138 137.952870000 139 138.948030000 140 139.945540000 141 140.941160000 142 141.938860000 143 142.934750000 144 143.932530000 145 144.928880000 146 145.927180000 147 146.924037000 148 147.924300000 149 148.923242000 150 149.923654000 151 150.923098000 152 151.924070000 153 152.923431000 154 153.924690000 155 154.923500000 156 155.924744000 157 156.924021000 158 157.925410000 159 158.925343000 160 159.927164000 161 160.927566000 162 161.929480000 163 162.930644000 164 163.933350000 165 164.934880000 166 165.938050000 167 166.940050000 168 167.943640000 169 168.946220000 170 169.950250000 171 170.953300000
66 0 163.929171000 140 139.953790000 141 140.951190000 142 141.946270000 143 142.943830000 144 143.939070000 145 144.936950000 146 145.932720000 147 146.930880000 148 147.927180000 149 148.927334000 150 149.925580000 151 150.926180000 152 151.924714000 153 152.925761000 154 153.924422000 155 154.925749000 156 155.924278000 157 156.925461000 158 157.924405000 159 158.925736000 160 159.925194000 161 160.926930000 162 161.926795000 163 162.928728000 164 163.929171000 165 164.931700000 166 165.932803000 167 166.935650000 168 167.937230000 169 168.940300000 170 169.942670000 171 170.946480000 172 171.949110000 173 172.953440000
67 0 164.930319000 142 141.959860000 143 142.954690000 144 143.951640000 145 144.946880000 146 145.944100000 147 146.939840000 148 147.937270000 149 148.933790000 150 149.933350000 151 150.931681000 152 151.931740000 153 152.930195000 154 153.930596000 155 154.929079000 156 155.929710000 157 156.928190000 158 157.928950000 159 158.927709000 160 159.928726000 161 160.927852000 162 161.929092000 163 162.928730000 164 163.930231000 165 164.930319000 166 165.932281000 167 166.933126000 168 167.935500000 169 168.936868000 170 169.939610000 171 170.941460000 172 171.944820000 173 172.947290000 174 173.951150000 175 174.954050000
68 0 165.930290000 144 143.960590000 145 144.957460000 146 145.952120000 147 146.949310000 148 147.944440000 149 148.942170000 150 149.937760000 151 150.937460000 152 151.935080000 153 152.935093000 154 153.932777000 155 154.933200000 156 155.931020000 157 156.931950000 158 157.929910000 159 158.930681000 160 159.929080000 161 160.930001000 162 161.928775000 163 162.930029000 164 163.929197000 165 164.930723000 166 165.930290000 167 166.932045000 168 167.932368000 169 168.934588000 170 169.935460000 171 170.938026000 172 171.939352000 173 172.942400000 174 173.944340000 175 174.947930000 176 175.950290000 177 176.954370000
69 0 168.934211000 146 145.966500000 147 146.961080000 148 147.957550000 149 148.952650000 150 149.949670000 151 150.945430000 152 151.944300000 153 152.942028000 154 153.941420000 155 154.939192000 156 155.939010000 157 156.936760000 158 157.937000000 159 158.934810000 160 159.935090000 161 160.933400000 162 161.933970000 163 162.932648000 164 163.933451000 165 164.932432000 166 165.933553000 167 166.932849000 168 167.934170000 169 168.934211000 170 169.935798000 171 170.936426000 172 171.938396000 173 172.939600000 174 173.942160000 175 174.943830000 176 175.946990000 177 176.949040000 178 177.952640000 179 178.955340000
70 0 173.938858100 148 147.966760000 149 148.963480000 150 149.957990000 151 150.955250000 152 151.950170000 153 152.949210000 154 153.946240000 155 154.945790000 156 155.942850000 157 156.942660000 158 157.939858000 159 158.940150000 160 159.937560000 161 160.937850000 162 161.935750000 163 162.936270000 164 163.934520000 165 164.935398000 166 165.933880000 167 166.934947000 168 167.933894000 169 168.935187000 170 169.934759000 171 170.936322000 172 171.936377700 173 172.938206800 174 173.938858100 175 174.941272500 176 175.942568000 177 176.945257000 178 177.946643000 179 178.950170000 180 179.952330000 181 180.956150000
71 0 174.940767900 150 149.972670000 151 150.967150000 152 151.963610000 153 152.958690000 154 153.957100000 155 154.954230000 156 155.952910000 157 156.950102000 158 157.949170000 159 158.946620000 160 159.946020000 161 160.943540000 162 161.943220000 163 162.941200000 164 163.941220000 165 164.939610000 166 165.939760000 167 166.938310000 168 167.938700000 169 168.937649000 170 169.938472000 171 170.937910000 172 171.939082000 173 172.938927000 174 173.940333500 175 174.940767900 176 175.942682400 177 176.943755000 178 177.945951000 179 178.947324000 180 179.949880000 181 180.951970000 182 181.955210000 183 182.957570000 184 183.961170000
72 0 179.946548800 154 153.964250000 155 154.962760000 156 155.959250000 157 156.958130000 158 157.954650000 159 158.954000000 160 159.950710000 161 160.950330000 162 161.947203000 163 162.947060000 164 163.944420000 165 164.944540000 166 165.942250000 167 166.942600000 168 167.940630000 169 168.941160000 170 169.939650000 171 170.940490000 172 171.939460000 173 172.940650000 174 173.940040000 175 174.941503000 176 175.941401800 177 176.943220000 178 177.943697700 179 178.945815100 180 179.946548800 181 180.949099100 182 181.950553000 183 182.953530000 184 183.955450000 185 184.958780000 186 185.960920000
73 0 180.947996000 156 155.971690000 157 156.968150000 158 157.966370000 159 158.962910000 160 159.961360000 161 160.958370000 162 161.957150000 163 162.954320000 164 163.953570000 165 164.950820000 166 165.950470000 167 166.947970000 168 167.947790000 169 168.945920000 170 169.946090000 171 170.944460000 172 171.944740000 173 172.943540000 174 173.944170000 175 174.943650000 176 175.944740000 177 176.944472000 178 177.945750000 179 178.945934000 180 179.947466000 181 180.947996000 182 181.950152000 183 182.951373000 184 183.954009000 185 184.955559000 186 185.958550000 187 186.960410000 188 187.963710000
74 0 183.950932600 158 157.973940000 159 158.972280000 160 159.968370000 161 160.967090000 162 161.963340000 163 162.962530000 164 163.958980000 165 164.958340000 166 165.955020000 167 166.954670000 168 167.951860000 169 168.951760000 170 169.949290000 171 170.949460000 172 171.947420000 173 172.947830000 174 173.946160000 175 174.946770000 176 175.945590000 177 176.946620000 178 177.945850000 179 178.947072000 180 179.946706000 181 180.948198000 182 181.948206000 183 182.950224500 184 183.950932600 185 184.953420600 186 185.954362000 187 186.957158000 188 187.958487000 189 188.961910000 190 189.963180000
75 0 186.955750800 160 159.981490000 161 160.977660000 162 161.975710000 163 162.971970000 164 163.970320000 165 164.967050000 166 165.965800000 167 166.962560000 168 167.961610000 169 168.958830000 170 169.958160000 171 170.955550000 172 171.955290000 173 172.953060000 174 173.953110000 175 174.951390000 176 175.951570000 177 176.950270000 178 177.950850000 179 178.949980000 180 179.950790000 181 180.950065000 182 181.951210000 183 182.950821000 184 183.952524000 185 184.952955700 186 185.954987000 187 186.955750800 188 187.958112300 189 188.959228000 190 189.961820000 191 190.963124000 192 191.965960000
76 0 191.961479000 162 161.983820000 163 162.982050000 164 163.977930000 165 164.976480000 166 165.972530000 167 166.971550000 168 167.967830000 169 168.967080000 170 169.963570000 171 170.963040000 172 171.960080000 173 172.959790000 174 173.957120000 175 174.957080000 176 175.954950000 177 176.955050000 178 177.953350000 179 178.953950000 180 179.952350000 181 180.953270000 182 181.952186000 183 182.953110000 184 183.952491000 185 184.954043000 186 185.953838000 187 186.955747900 188 187.955836000 189 188.958144900 190 189.958445000 191 190.960928000 192 191.961479000 193 192.964148000 194 193.965179000 195 194.968120000 196 195.969620000
77 0 192.962924000 165 164.987580000 166 165.985510000 167 166.981540000 168 167.979970000 169 168.976390000 170 169.975030000 171 170.971780000 172 171.970640000 173 172.967710000 174 173.966800000 175 174.964280000 176 175.963510000 177 176.961170000 178 177.961080000 179 178.959150000 180 179.959250000 181 180.957640000 182 181.958130000 183 182.956810000 184 183.957390000 185 184.956590000 186 185.957951000 187 186.957361000 188 187.958852000 189 188.958716000 190 189.960590000 191 190.960591000 192 191.962602000 193 192.962924000 194 193.965076000 195 194.965977000 196 195.968380000 197 196.969636000 198 197.972280000 199 198.973790000
78 0 194.964774000 168 167.988040000 169 168.986420000 170 169.982330000 171 170.981250000 172 171.977380000 173 172.976500000 174 173.972811000 175 174.972280000 176 175.969000000 177 176.968450000 178 177.965710000 179 178.965480000 180 179.963220000 181 180.963180000 182 181.961270000 183 182.961730000 184 183.959900000 185 184.960750000 186 185.959430000 187 186.960560000 188 187.959396000 189 188.960832000 190 189.959930000 191 190.961685000 192 191.961035000 193 192.962985000 194 193.962664000 195 194.964774000 196 195.964935000 197 196.967323000 198 197.967876000 199 198.970576000 200 199.971424000 201 200.974500000 202 201.975740000
79 0 196.966552000 171 170.991770000 172 171.990110000 173 172.986400000 174 173.984920000 175 174.981550000 176 175.980270000 177 176.977220000 178 177.975980000 179 178.973410000 180 179.972400000 181 180.969950000 182 181.969620000 183 182.967620000 184 183.967470000 185 184.965810000 186 185.966000000 187 186.964560000 188 187.965090000 189 188.963890000 190 189.964699000 191 190.963650000 192 191.964810000 193 192.964132000 194 193.965339000 195 194.965018000 196 195.966551000 197 196.966552000 198 197.968225000 199 198.968748000 200 199.970720000 201 200.971641000 202 201.973790000 203 202.975137000 204 203.977710000 205 204.979610000
80 0 201.970626000 175 174.991410000 176 175.987410000 177 176.986340000 178 177.982476000 179 178.981780000 180 179.978320000 181 180.977810000 182 181.974750000 183 182.974560000 184 183.971900000 185 184.971980000 186 185.969460000 187 186.969790000 188 187.967560000 189 188.968130000 190 189.966280000 191 190.967060000 192 191.965570000 193 192.966644000 194 193.965382000 195 194.966640000 196 195.965815000 197 196.967195000 198 197.966752000 199 198.968262000 200 199.968309000 201 200.970285000 202 201.970626000 203 202.972857000 204 203.973476000 205 204.976056000 206 205.977499000 207 206.982580000 208 207.985940000
81 0 204.974412000 177 176.996880000 178 177.995230000 179 178.991470000 180 179.990190000 181 180.986900000 182 181.985610000 183 182.982700000 184 183.981760000 185 184.979100000 186 185.978550000 187 186.976170000 188 187.975920000 189 188.973690000 190 189.973790000 191 190.971890000 192 191.972140000 193 192.970550000 194 193.971050000 195 194.969650000 196 195.970520000 197 196.969540000 198 197.970470000 199 198.969810000 200 199.970945000 201 200.970804000 202 201.972091000 203 202.972329000 204 203.973849000 205 204.974412000 206 205.976095000 207 206.977408000 208 207.982005000 209 208.985349000 210 209.990066000
82 0 207.976636000 181 180.996710000 182 181.992676000 183 182.991930000 184 183.988200000 185 184.987580000 186 185.984300000 187 186.984030000 188 187.981060000 189 188.980880000 190 189.978180000 191 190.978200000 192 191.975760000 193 192.976080000 194 193.973970000 195 194.974470000 196 195.972710000 197 196.973380000 198 197.971980000 199 198.972910000 200 199.971816000 201 200.972850000 202 201.972144000 203 202.973375000 204 203.973029000 205 204.974467000 206 205.974449000 207 206.975881000 208 207.976636000 209 208.981075000 210 209.984173000 211 210.988731000 212 211.991887500 213 212.996500000 214 213.999798100
83 0 208.980383000 185 184.997710000 186 185.996480000 187 186.993460000 188 187.992170000 189 188.989510000 190 189.988520000 191 190.986050000 192 191.985370000 193 192.983060000 194 193.982750000 195 194.980750000 196 195.980610000 197 196.978930000 198 197.979020000 199 198.977580000 200 199.978140000 201 200.976970000 202 201.977670000 203 202.976868000 204 203.977805000 205 204.977375000 206 205.978483000 207 206.978455000 208 207.979727000 209 208.980383000 210 209.984105000 211 210.987258000 212 211.991272000 213 212.994375000 214 213.998699000 215 215.001830000 216 216.006200000
84 0 208.982416000 190 189.995110000 191 190.994650000 192 191.991520000 193 192.991100000 194 193.988280000 195 194.988050000 196 195.985510000 197 196.985570000 198 197.983340000 199 198.983600000 200 199.981740000 201 200.982210000 202 201.980700000 203 202.981410000 204 203.980307000 205 204.981170000 206 205.980465000 207 206.981578000 208 207.981231000 209 208.982416000 210 209.982857000 211 210.986637000 212 211.988852000 213 212.992843000 214 213.995186000 215 214.999415000 216 216.001905200 217 217.006250000 218 218.008965800
85 0 209.987131000 193 193.000190000 194 193.998970000 195 194.996550000 196 195.995700000 197 196.993290000 198 197.992750000 199 198.990630000 200 199.990290000 201 200.988490000 202 201.988450000 203 202.986850000 204 203.987260000 205 204.986040000 206 205.986600000 207 206.985776000 208 207.986583000 209 208.986159000 210 209.987131000 211 210.987481000 212 211.990735000 213 212.992921000 214 213.996356000 215 214.998641000 216 216.002409000 217 217.004710000 218 218.008681000 219 219.011300000 220 220.015300000 221 221.018140000 222 222.022330000 223 223.025340000
86 0 222.017570500 196 196.002310000 197 197.001660000 198 197.998780000 199 198.998310000 200 199.995680000 201 200.995540000 202 201.993220000 203 202.993320000 204 203.991370000 205 204.991670000 206 205.990160000 207 206.990730000 208 207.989631000 209 208.990380000 210 209.989680000 211 210.990585000 212 211.990689000 213 212.993868000 214 213.995346000 215 214.998729000 216 216.000258000 217 217.003915000 218 218.005586000 219 219.009475000 220 220.011384100 221 221.015460000 222 222.017570500 223 223.021790000 224 224.024090000 225 225.028440000 226 226.030890000 227 227.035410000 228 228.038080000
87 0 223.019730700 200 200.006500000 201 201.003990000 202 202.003290000 203 203.001050000 204 204.000590000 205 204.998660000 206 205.998490000 207 206.996860000 208 207.997130000 209 208.995920000 210 209.996398000 211 210.995529000 212 211.996195000 213 212.996175000 214 213.998955000 215 215.000326000 216 216.003188000 217 217.004616000 218 218.007563000 219 219.009241000 220 220.012313000 221 221.014246000 222 222.017544000 223 223.019730700 224 224.023240000 225 225.025607000 226 226.029340000 227 227.031830000 228 228.035720000 229 229.038430000 230 230.042510000 231 231.045410000 232 232.049650000
88 0 226.025402600 203 203.009210000 204 204.006480000 205 205.006190000 206 206.003780000 207 207.003730000 208 208.001780000 209 209.001940000 210 210.000450000 211 211.000890000 212 211.999783000 213 213.000350000 214 214.000091000 215 215.002704000 216 216.003518000 217 217.006306000 218 218.007124000 219 219.010069000 220 220.011015000 221 221.013908000 222 222.015362000 223 223.018497000 224 224.020202000 225 225.023604000 226 226.025402600 227 227.029170700 228 228.031064100 229 229.034820000 230 230.037080000 231 231.041220000 232 232.043690000 233 233.048000000 234 234.050550000
89 0 227.027747000 207 207.012090000 208 208.011490000 209 209.009570000 210 210.009260000 211 211.007650000 212 212.007810000 213 213.006570000 214 214.006890000 215 215.006450000 216 216.008721000 217 217.009333000 218 218.011630000 219 219.012400000 220 220.014750000 221 221.015580000 222 222.017829000 223 223.019126000 224 224.021708000 225 225.023221000 226 226.026090000 227 227.027747000 228 228.031014800 229 229.032930000 230 230.036030000 231 231.038550000 232 232.042020000 233 233.044550000 234 234.048420000 235 235.051100000 236 236.055180000
90 0 232.038050400 210 210.015030000 211 211.014860000 212 212.012920000 213 213.012960000 214 214.011450000 215 215.011730000 216 216.011051000 217 217.013070000 218 218.013268000 219 219.015520000 220 220.015733000 221 221.018171000 222 222.018454000 223 223.020795000 224 224.021459000 225 225.023941000 226 226.024891000 227 227.027699000 228 228.028731300 229 229.031755000 230 230.033126600 231 231.036297100 232 232.038050400 233 233.041576900 234 234.043595000 235 235.047500000 236 236.049710000 237 237.053890000 238 238.056240000
91 0 231.035878900 213 213.021180000 214 214.020740000 215 215.019100000 216 216.019110000 217 217.018290000 218 218.020010000 219 219.019880000 220 220.021880000 221 221.021860000 222 222.023730000 223 223.023960000 224 224.025610000 225 225.026120000 226 226.027933000 227 227.028793000 228 228.031037000 229 229.032089000 230 230.034533000 231 231.035878900 232 232.038582000 233 233.040240200 234 234.043302000 235 235.045440000 236 236.048680000 237 237.051140000 238 238.054500000 239 239.057130000 240 240.060980000
92 0 238.050782600 218 218.023490000 219 219.024920000 220 220.024710000 221 221.026350000 222 222.026070000 223 223.027720000 224 224.027590000 225 225.029380000 226 226.029340000 227 227.031140000 228 228.031366000 229 229.033496000 230 230.033927000 231 231.036289000 232 232.037146300 233 233.039628000 234 234.040945600 235 235.043923100 236 236.045561900 237 237.048724000 238 238.050782600 239 239.054287800 240 240.056586000 241 241.060330000 242 242.062930000
93 0 237.048167300 225 225.033900000 226 226.035130000 227 227.034960000 228 228.036180000 229 229.036250000 230 230.037810000 231 231.038230000 232 232.040100000 233 233.040730000 234 234.042889000 235 235.044055900 236 236.046560000 237 237.048167300 238 238.050940500 239 239.052931400 240 240.056169000 241 241.058250000 242 242.061640000 243 243.064270000 244 244.067850000
94 0 244.064198000 228 228.038730000 229 229.040140000 230 230.039646000 231 231.041260000 232 232.041179000 233 233.042990000 234 234.043305000 235 235.045282000 236 236.046048100 237 237.048403800 238 238.049553400 239 239.052156500 240 240.053807500 241 241.056845300 242 242.058736800 243 243.061997000 244 244.064198000 245 245.067739000 246 246.070198000 247 247.074070000
95 0 243.061372700 231 231.045560000 232 232.046590000 233 233.046470000 234 234.047790000 235 235.048030000 236 236.049570000 237 237.049970000 238 238.051980000 239 239.053018000 240 240.055288000 241 241.056822900 242 242.059543000 243 243.061372700 244 244.064279400 245 245.066445000 246 246.069768000 247 247.072090000 248 248.075750000 249 249.078480000
96 0 247.070347000 233 233.050800000 234 234.050240000 235 235.051590000 236 236.051410000 237 237.052890000 238 238.053020000 239 239.054950000 240 240.055519000 241 241.057646700 242 242.058829300 243 243.061382200 244 244.062746300 245 245.065485600 246 246.067217600 247 247.070347000 248 248.072342000 249 249.075947000 250 250.078351000 251 251.082278000 252 252.084870000
97 0 247.070299000 235 235.056580000 236 236.057330000 237 237.057130000 238 238.058270000 239 239.058360000 240 240.059750000 241 241.060220000 242 242.062050000 243 243.063002000 244 244.065168000 245 245.066355400 246 246.068670000 247 247.070299000 248 248.073080000 249 249.074980000 250 250.078311000 251 251.080753000 252 252.084300000 253 253.086880000 254 254.090600000
98 0 251.079580000 237 237.062070000 238 238.061410000 239 239.062580000 240 240.062300000 241 241.063720000 242 242.063690000 243 243.065420000 244 244.065990000 245 245.068040000 246 246.068798800 247 247.070992000 248 248.072178000 249 249.074847000 250 250.076400000 251 251.079580000 252 252.081620000 253 253.085127000 254 254.087316000 255 255.091040000 256 256.093440000
99 0 252.082970000 240 240.068920000 241 241.068660000 242 242.069700000 243 243.069630000 244 244.070970000 245 245.071320000 246 246.072970000 247 247.073650000 248 248.075460000 249 249.076410000 250 250.078650000 251 251.079984000 252 252.082970000 253 253.084818000 254 254.088016000 255 255.090266000 256 256.093590000 257 257.095980000
100 0 257.095099000 242 242.073430000 243 243.074510000 244 244.074080000 245 245.075380000 246 246.075280000 247 247.076820000 248 248.077184000 249 249.079020000 250 250.079515000 251 251.081566000 252 252.082460000 253 253.085176000 254 254.086848000 255 255.089955000 256 256.091767000 257 257.095099000 258 258.097070000 259 259.100590000
101 0 258.098425000 245 245.081020000 246 246.081930000 247 247.081800000 248 248.082910000 249 249.083000000 250 250.084490000 251 251.084920000 252 252.086630000 253 253.087280000 254 254.089730000 255 255.091075000 256 256.094050000 257 257.095535000 258 258.098425000 259 259.100500000 260 260.103650000
102 0 259.101020000 249 249.087820000 250 250.087490000 251 251.088960000 252 252.088966000 253 253.090650000 254 254.090949000 255 255.093232000 256 256.094276000 257 257.096850000 258 258.098200000 259 259.101020000 260 260.102640000 261 261.105740000 262 262.107520000
103 0 262.109690000 251 251.094360000 252 252.095330000 253 253.095260000 254 254.096590000 255 255.096770000 256 256.098760000 257 257.099610000 258 258.101880000 259 259.102990000 260 260.105570000 261 261.106940000 262 262.109690000 263 263.111390000
104 0 261.108750000 253 253.100680000 254 254.100170000 255 255.101490000 256 256.101180000 257 257.103070000 258 258.103570000 259 259.105630000 260 260.106430000 261 261.108750000 262 262.109920000 263 263.112540000 264 264.113980000
105 0 262.114150000 255 255.107400000 256 256.108110000 257 257.107860000 258 258.109440000 259 259.109720000 260 260.111430000 261 261.112110000 262 262.114150000 263 263.115080000 264 264.117470000 265 265.118660000
106 0 263.118310000 258 258.113150000 259 259.114650000 260 260.114440000 261 261.116200000 262 262.116480000 263 263.118310000 264 264.118920000 265 265.121070000 266 266.121930000
107 0 264.124730000 260 260.121800000 261 261.121800000 262 262.123010000 263 263.123150000 264 264.124730000 265 265.125200000 266 266.127010000 267 267.127740000
108 0 265.130000000 263 263.128710000 264 264.128410000 265 265.130000000 266 266.130040000 267 267.131770000 268 268.132160000 269 269.134110000
109 0 268.138820000 265 265.136570000 266 266.137940000 267 267.137530000 268 268.138820000 269 269.139110000 270 270.140720000 271 271.141230000
